{"name":"Sidewalk_83_1","class":"ProceduralMesh","__parent":"Road Architect - Road 83"}
{"name":"Curb_83_1","class":"ProceduralMesh","__parent":"Road Architect - Road 83"}
{"name":"Sidewalk_83_4","class":"ProceduralMesh","__parent":"Road Architect - Road 83"}
{"name":"Curb_83_4","class":"ProceduralMesh","__parent":"Road Architect - Road 83"}
{"name":"jerseybarrier_3m.dae 83-3-1","class":"TSStatic","__parent":"Road Architect - Road 83","position":[-846.789124,-933.534119,931.752197],"decalType":"None","isRenderEnabled":false,"rotationMatrix":[0.599333048,-0.800499797,0,0.800430775,0.599281311,0.0131337484,-0.0105135627,-0.00787148904,0.999913752],"shapeName":"/art/shapes/objects/jerseybarrier_3m.dae"}
{"name":"jerseybarrier_3m.dae 83-3-2","class":"TSStatic","__parent":"Road Architect - Road 83","position":[-849.336975,-935.441711,931.711365],"decalType":"None","isRenderEnabled":false,"rotationMatrix":[0.599333048,-0.800499797,-4.65661287e-10,0.800437093,0.599286079,0.0125144152,-0.0100177862,-0.00750030298,0.999921679],"shapeName":"/art/shapes/objects/jerseybarrier_3m.dae"}
{"name":"jerseybarrier_3m.dae 83-3-3","class":"TSStatic","__parent":"Road Architect - Road 83","position":[-851.884827,-937.349243,931.671875],"decalType":"None","isRenderEnabled":false,"rotationMatrix":[0.599332988,-0.800499856,0,0.800439417,0.599287748,0.0122866109,-0.00983542949,-0.00736377155,0.999924541],"shapeName":"/art/shapes/objects/jerseybarrier_3m.dae"}
{"name":"jerseybarrier_3m.dae 83-3-4","class":"TSStatic","__parent":"Road Architect - Road 83","position":[-854.432739,-939.256836,931.632751],"decalType":"None","isRenderEnabled":false,"rotationMatrix":[0.599332988,-0.800499856,0,0.800439417,0.599287748,0.0122866109,-0.00983542949,-0.00736377155,0.999924541],"shapeName":"/art/shapes/objects/jerseybarrier_3m.dae"}
{"name":"jerseybarrier_3m.dae 83-3-5","class":"TSStatic","__parent":"Road Architect - Road 83","position":[-856.980591,-941.164429,931.59375],"decalType":"None","isRenderEnabled":false,"rotationMatrix":[0.599333048,-0.800499797,0,0.800439954,0.599288225,0.0122255068,-0.00978651643,-0.00732715009,0.999925256],"shapeName":"/art/shapes/objects/jerseybarrier_3m.dae"}
{"name":"jerseybarrier_3m.dae 83-3-6","class":"TSStatic","__parent":"Road Architect - Road 83","position":[-859.528442,-943.072021,931.554932],"decalType":"None","isRenderEnabled":false,"rotationMatrix":[0.599332988,-0.800499856,-4.65661287e-10,0.80044049,0.599288523,0.0121772736,-0.00974790566,-0.0072982423,0.999925852],"shapeName":"/art/shapes/objects/jerseybarrier_3m.dae"}
{"name":"jerseybarrier_3m.dae 83-3-7","class":"TSStatic","__parent":"Road Architect - Road 83","position":[-862.076355,-944.979614,931.516174],"decalType":"None","isRenderEnabled":false,"rotationMatrix":[0.599332988,-0.800499856,-4.65661287e-10,0.80044049,0.599288523,0.0121772736,-0.00974790566,-0.0072982423,0.999925852],"shapeName":"/art/shapes/objects/jerseybarrier_3m.dae"}
{"name":"jerseybarrier_3m.dae 83-3-8","class":"TSStatic","__parent":"Road Architect - Road 83","position":[-864.624207,-946.887207,931.477417],"decalType":"None","isRenderEnabled":false,"rotationMatrix":[0.599332988,-0.800499856,-4.65661287e-10,0.80044049,0.599288523,0.0121772736,-0.00974790566,-0.0072982423,0.999925852],"shapeName":"/art/shapes/objects/jerseybarrier_3m.dae"}
{"name":"jerseybarrier_3m.dae 83-3-9","class":"TSStatic","__parent":"Road Architect - Road 83","position":[-867.172058,-948.7948,931.438538],"decalType":"None","isRenderEnabled":false,"rotationMatrix":[0.599333048,-0.800499797,0,0.800439954,0.599288225,0.0122284088,-0.00978883822,-0.00732888887,0.999925256],"shapeName":"/art/shapes/objects/jerseybarrier_3m.dae"}
{"name":"jerseybarrier_3m.dae 83-3-10","class":"TSStatic","__parent":"Road Architect - Road 83","position":[-869.71991,-950.702393,931.399536],"decalType":"None","isRenderEnabled":false,"rotationMatrix":[0.599333048,-0.800499856,4.65661287e-10,0.800439298,0.599287748,0.0122948419,-0.00984201767,-0.00736870477,0.999924421],"shapeName":"/art/shapes/objects/jerseybarrier_3m.dae"}
{"name":"jerseybarrier_3m.dae 83-3-11","class":"TSStatic","__parent":"Road Architect - Road 83","position":[-872.267822,-952.609985,931.360413],"decalType":"None","isRenderEnabled":false,"rotationMatrix":[0.599333048,-0.800499856,4.65661287e-10,0.800439298,0.599287748,0.0122948419,-0.00984201767,-0.00736870477,0.999924421],"shapeName":"/art/shapes/objects/jerseybarrier_3m.dae"}
{"name":"jerseybarrier_3m.dae 83-3-12","class":"TSStatic","__parent":"Road Architect - Road 83","position":[-874.815674,-954.517578,931.321228],"decalType":"None","isRenderEnabled":false,"rotationMatrix":[0.599333048,-0.800499856,4.65661287e-10,0.800439298,0.599287748,0.0122948419,-0.00984201767,-0.00736870477,0.999924421],"shapeName":"/art/shapes/objects/jerseybarrier_3m.dae"}
{"name":"jerseybarrier_3m.dae 83-3-13","class":"TSStatic","__parent":"Road Architect - Road 83","position":[-877.363525,-956.425171,931.282104],"decalType":"None","isRenderEnabled":false,"rotationMatrix":[0.599333048,-0.800499797,4.65661287e-10,0.800439358,0.599287748,0.0122894179,-0.00983767584,-0.00736545399,0.999924481],"shapeName":"/art/shapes/objects/jerseybarrier_3m.dae"}
{"name":"jerseybarrier_3m.dae 83-3-14","class":"TSStatic","__parent":"Road Architect - Road 83","position":[-879.911438,-958.332703,931.243042],"decalType":"None","isRenderEnabled":false,"rotationMatrix":[0.599332988,-0.800499797,0,0.800439477,0.599287868,0.0122774038,-0.009828059,-0.007358253,0.9999246],"shapeName":"/art/shapes/objects/jerseybarrier_3m.dae"}
{"name":"jerseybarrier_3m.dae 83-3-15","class":"TSStatic","__parent":"Road Architect - Road 83","position":[-882.45929,-960.240295,931.203918],"decalType":"None","isRenderEnabled":false,"rotationMatrix":[0.599332988,-0.800499797,0,0.800439477,0.599287868,0.0122774038,-0.009828059,-0.007358253,0.9999246],"shapeName":"/art/shapes/objects/jerseybarrier_3m.dae"}
{"name":"jerseybarrier_3m.dae 83-3-16","class":"TSStatic","__parent":"Road Architect - Road 83","position":[-885.007141,-962.147888,931.165771],"decalType":"None","isRenderEnabled":false,"rotationMatrix":[0.599333048,-0.800499797,-4.65661287e-10,0.800444961,0.59929198,0.0117003703,-0.00936614349,-0.00701241847,0.999931574],"shapeName":"/art/shapes/objects/jerseybarrier_3m.dae"}
{"name":"jerseybarrier_3m.dae 83-3-17","class":"TSStatic","__parent":"Road Architect - Road 83","position":[-887.555115,-964.055542,931.134216],"decalType":"None","isRenderEnabled":false,"rotationMatrix":[0.599333048,-0.800499737,-2.32830644e-10,0.800473392,0.599313259,0.0081197219,-0.00649983529,-0.0048664175,0.999967039],"shapeName":"/art/shapes/objects/jerseybarrier_3m.dae"}
{"name":"jerseybarrier_3m.dae 83-3-18","class":"TSStatic","__parent":"Road Architect - Road 83","position":[-890.103088,-965.963196,931.108398],"decalType":"None","isRenderEnabled":false,"rotationMatrix":[0.599333048,-0.800499737,-2.32830644e-10,0.800473392,0.599313259,0.0081197219,-0.00649983529,-0.0048664175,0.999967039],"shapeName":"/art/shapes/objects/jerseybarrier_3m.dae"}
{"name":"jerseybarrier_3m.dae 83--1-1","class":"TSStatic","__parent":"Road Architect - Road 83","position":[-853.381775,-924.728638,931.75354],"decalType":"None","isRenderEnabled":false,"rotationMatrix":[0.599333048,-0.800499797,4.65661287e-10,0.800426722,0.599278331,0.0135139404,-0.0108179059,-0.00809935015,0.999908686],"shapeName":"/art/shapes/objects/jerseybarrier_3m.dae"}
{"name":"jerseybarrier_3m.dae 83--1-2","class":"TSStatic","__parent":"Road Architect - Road 83","position":[-855.929626,-926.636169,931.711975],"decalType":"None","isRenderEnabled":false,"rotationMatrix":[0.599333048,-0.800499856,4.65661287e-10,0.800436318,0.599285483,0.0125950528,-0.010082338,-0.00754863117,0.999920666],"shapeName":"/art/shapes/objects/jerseybarrier_3m.dae"}
{"name":"jerseybarrier_3m.dae 83--1-3","class":"TSStatic","__parent":"Road Architect - Road 83","position":[-858.477478,-928.543762,931.672424],"decalType":"None","isRenderEnabled":false,"rotationMatrix":[0.599333048,-0.800499737,-4.65661287e-10,0.800439656,0.599287987,0.0122570535,-0.00981176831,-0.00734605733,0.999924898],"shapeName":"/art/shapes/objects/jerseybarrier_3m.dae"}
{"name":"jerseybarrier_3m.dae 83--1-4","class":"TSStatic","__parent":"Road Architect - Road 83","position":[-861.025391,-930.451355,931.633423],"decalType":"None","isRenderEnabled":false,"rotationMatrix":[0.599333048,-0.800499737,-4.65661287e-10,0.800439656,0.599287987,0.0122570535,-0.00981176831,-0.00734605733,0.999924898],"shapeName":"/art/shapes/objects/jerseybarrier_3m.dae"}
{"name":"jerseybarrier_3m.dae 83--1-5","class":"TSStatic","__parent":"Road Architect - Road 83","position":[-863.573242,-932.358948,931.594421],"decalType":"None","isRenderEnabled":false,"rotationMatrix":[0.599332988,-0.800499797,0,0.800439835,0.599288106,0.0122396667,-0.00979785156,-0.0073356363,0.999925077],"shapeName":"/art/shapes/objects/jerseybarrier_3m.dae"}
{"name":"jerseybarrier_3m.dae 83--1-6","class":"TSStatic","__parent":"Road Architect - Road 83","position":[-866.121094,-934.266541,931.555481],"decalType":"None","isRenderEnabled":false,"rotationMatrix":[0.599333048,-0.800499797,0,0.800439954,0.599288225,0.0122259418,-0.00978686381,-0.00732741039,0.999925256],"shapeName":"/art/shapes/objects/jerseybarrier_3m.dae"}
{"name":"jerseybarrier_3m.dae 83--1-7","class":"TSStatic","__parent":"Road Architect - Road 83","position":[-868.668945,-936.174133,931.516602],"decalType":"None","isRenderEnabled":false,"rotationMatrix":[0.599333048,-0.800499797,0,0.800439954,0.599288225,0.0122259418,-0.00978686381,-0.00732741039,0.999925256],"shapeName":"/art/shapes/objects/jerseybarrier_3m.dae"}
{"name":"jerseybarrier_3m.dae 83--1-8","class":"TSStatic","__parent":"Road Architect - Road 83","position":[-871.216858,-938.081726,931.477661],"decalType":"None","isRenderEnabled":false,"rotationMatrix":[0.599333048,-0.800499797,0,0.800439954,0.599288225,0.0122259418,-0.00978686381,-0.00732741039,0.999925256],"shapeName":"/art/shapes/objects/jerseybarrier_3m.dae"}
{"name":"jerseybarrier_3m.dae 83--1-9","class":"TSStatic","__parent":"Road Architect - Road 83","position":[-873.764709,-939.989258,931.438721],"decalType":"None","isRenderEnabled":false,"rotationMatrix":[0.599333048,-0.800499797,0,0.800439715,0.599288106,0.0122494642,-0.00980569329,-0.00734150829,0.999924958],"shapeName":"/art/shapes/objects/jerseybarrier_3m.dae"}
{"name":"jerseybarrier_3m.dae 83--1-10","class":"TSStatic","__parent":"Road Architect - Road 83","position":[-876.312561,-941.896851,931.399658],"decalType":"None","isRenderEnabled":false,"rotationMatrix":[0.599332988,-0.800499797,-4.65661287e-10,0.800439477,0.599287808,0.0122800227,-0.00983015634,-0.00735982321,0.9999246],"shapeName":"/art/shapes/objects/jerseybarrier_3m.dae"}
{"name":"jerseybarrier_3m.dae 83--1-11","class":"TSStatic","__parent":"Road Architect - Road 83","position":[-878.860474,-943.804443,931.360596],"decalType":"None","isRenderEnabled":false,"rotationMatrix":[0.599332988,-0.800499797,-4.65661287e-10,0.800439477,0.599287808,0.0122800227,-0.00983015634,-0.00735982321,0.9999246],"shapeName":"/art/shapes/objects/jerseybarrier_3m.dae"}
{"name":"jerseybarrier_3m.dae 83--1-12","class":"TSStatic","__parent":"Road Architect - Road 83","position":[-881.408325,-945.712036,931.321472],"decalType":"None","isRenderEnabled":false,"rotationMatrix":[0.599332988,-0.800499797,-4.65661287e-10,0.800439477,0.599287808,0.0122800227,-0.00983015634,-0.00735982321,0.9999246],"shapeName":"/art/shapes/objects/jerseybarrier_3m.dae"}
{"name":"jerseybarrier_3m.dae 83--1-13","class":"TSStatic","__parent":"Road Architect - Road 83","position":[-883.956177,-947.619629,931.28241],"decalType":"None","isRenderEnabled":false,"rotationMatrix":[0.599332988,-0.800499856,-4.65661287e-10,0.800439417,0.599287748,0.0122845834,-0.00983380713,-0.00736255664,0.999924541],"shapeName":"/art/shapes/objects/jerseybarrier_3m.dae"}
{"name":"jerseybarrier_3m.dae 83--1-14","class":"TSStatic","__parent":"Road Architect - Road 83","position":[-886.504089,-949.527222,931.243286],"decalType":"None","isRenderEnabled":false,"rotationMatrix":[0.599333048,-0.800499856,0,0.800439298,0.599287748,0.0122946855,-0.00984189287,-0.00736861117,0.999924421],"shapeName":"/art/shapes/objects/jerseybarrier_3m.dae"}
{"name":"jerseybarrier_3m.dae 83--1-15","class":"TSStatic","__parent":"Road Architect - Road 83","position":[-889.051941,-951.434814,931.204163],"decalType":"None","isRenderEnabled":false,"rotationMatrix":[0.599333048,-0.800499856,0,0.800439298,0.599287748,0.0122946855,-0.00984189287,-0.00736861117,0.999924421],"shapeName":"/art/shapes/objects/jerseybarrier_3m.dae"}
{"name":"jerseybarrier_3m.dae 83--1-16","class":"TSStatic","__parent":"Road Architect - Road 83","position":[-891.599792,-953.342407,931.165771],"decalType":"None","isRenderEnabled":false,"rotationMatrix":[0.599333048,-0.800499797,0,0.800443769,0.599291086,0.0118317548,-0.00947131682,-0.00709116133,0.999930024],"shapeName":"/art/shapes/objects/jerseybarrier_3m.dae"}
{"name":"jerseybarrier_3m.dae 83--1-17","class":"TSStatic","__parent":"Road Architect - Road 83","position":[-894.147705,-955.25,931.132629],"decalType":"None","isRenderEnabled":false,"rotationMatrix":[0.599333048,-0.800499797,0,0.80046773,0.599308968,0.00895896833,-0.00717165181,-0.00536940573,0.999959886],"shapeName":"/art/shapes/objects/jerseybarrier_3m.dae"}
{"name":"jerseybarrier_3m.dae 83--1-18","class":"TSStatic","__parent":"Road Architect - Road 83","position":[-896.695679,-957.157654,931.104126],"decalType":"None","isRenderEnabled":false,"rotationMatrix":[0.599333048,-0.800499797,0,0.80046773,0.599308968,0.00895896833,-0.00717165181,-0.00536940573,0.999959886],"shapeName":"/art/shapes/objects/jerseybarrier_3m.dae"}
{"class":"DecalRoad","persistentId":"0ee965fe-da1f-4c9b-90d5-35b2076af5f6","__parent":"Road Architect - Road 83","position":[-849.410889,-927.377075,935.960022],"autoLanes":false,"drivability":1,"improvedSpline":true,"lanesRight":2,"material":"road_invisible","nodes":[[-849.410889,-927.377075,935.960022,9],[-852.599426,-929.856934,935.910583,9.14814854],[-860.570923,-936.056458,935.786926,9.51851845],[-870.933838,-944.115906,935.626282,10],[-881.296753,-952.175354,935.465576,10.4814816],[-889.268188,-958.374878,935.34198,10.8518515],[-892.456787,-960.854736,935.292542,11]],"overObjects":true,"renderPriority":16,"textureLength":36}
{"class":"DecalRoad","persistentId":"a5fe7efa-6bf7-4851-9e24-0c44a63583d8","__parent":"Road Architect - Road 83","position":[-846.114563,-931.779846,935.960022],"improvedSpline":true,"material":"italy_road_markings_zebra_diagonal","nodes":[[-846.114563,-931.779846,935.960022,2],[-849.303101,-934.259644,935.910583,1.85185182],[-857.274597,-940.459229,935.786926,1.48148143],[-867.637512,-948.518677,935.626282,1],[-878.000427,-956.578064,935.465576,0.518518507],[-885.971863,-962.777649,935.34198,0.148148149],[-889.160461,-965.257446,935.292542,0]],"overObjects":true,"renderPriority":3}
{"class":"DecalRoad","persistentId":"03d33ab0-2f00-456a-8a74-2b16d7acd675","__parent":"Road Architect - Road 83","position":[-850.309875,-926.176331,935.960022],"improvedSpline":true,"material":"m_line_white_discontinue","nodes":[[-850.309875,-926.176331,935.960022,0.200000003],[-853.542847,-928.596863,935.910583,0.200000003],[-861.625305,-934.648193,935.786926,0.200000003],[-872.132507,-942.514893,935.626282,0.200000003],[-882.639709,-950.381592,935.465576,0.200000003],[-890.722107,-956.432922,935.34198,0.200000003],[-893.955139,-958.853455,935.292542,0.200000003]],"overObjects":true,"renderPriority":4,"startEndFade":[0,25]}
{"class":"DecalRoad","persistentId":"e9e7be71-6869-42cd-a02b-8ad5ab76a524","__parent":"Road Architect - Road 83","position":[-848.511841,-928.57782,935.960022],"improvedSpline":true,"material":"m_line_white_discontinue","nodes":[[-848.511841,-928.57782,935.960022,0.200000003],[-851.744873,-930.998352,935.910583,0.200000003],[-859.827332,-937.049683,935.786926,0.200000003],[-870.334473,-944.916382,935.626282,0.200000003],[-880.841675,-952.783142,935.465576,0.200000003],[-888.924133,-958.834412,935.34198,0.200000003],[-892.157104,-961.254944,935.292542,0.200000003]],"overObjects":true,"renderPriority":5,"startEndFade":[0,25]}
{"class":"DecalRoad","persistentId":"dfdfbbb8-7fe8-48f3-96ba-b5bb596a52d6","__parent":"Road Architect - Road 83","position":[-846.713867,-930.979309,935.960022],"improvedSpline":true,"material":"m_line_white","nodes":[[-846.713867,-930.979309,935.960022,0.100000001],[-849.858032,-933.518433,935.910583,0.100000001],[-857.718567,-939.866272,935.786926,0.100000001],[-867.937134,-948.118408,935.626282,0.100000001],[-878.155762,-956.370544,935.465576,0.100000001],[-886.016235,-962.718323,935.34198,0.100000001],[-889.160461,-965.257446,935.292542,0.100000001]],"overObjects":true,"renderPriority":6}
{"class":"DecalRoad","persistentId":"fda77285-f784-4283-ab49-9b1d2eac9ed5","__parent":"Road Architect - Road 83","position":[-851.208862,-924.975586,935.960022],"improvedSpline":true,"material":"m_tread_marks_clean","nodes":[[-851.208862,-924.975586,935.960022,3],[-854.441833,-927.396118,935.910583,3],[-862.524292,-933.447449,935.786926,3],[-873.031494,-941.314148,935.626282,3],[-883.538696,-949.180847,935.465576,3],[-891.621155,-955.232178,935.34198,3],[-894.854126,-957.65271,935.292542,3]],"overObjects":true,"renderPriority":7,"textureLength":36}
{"class":"DecalRoad","persistentId":"3ad21dec-4a61-4116-b73b-4185beaaa2f3","__parent":"Road Architect - Road 83","position":[-849.410889,-927.377075,935.960022],"improvedSpline":true,"material":"m_tread_marks_clean","nodes":[[-849.410889,-927.377075,935.960022,3],[-852.64386,-929.797607,935.910583,3],[-860.726318,-935.848938,935.786926,3],[-871.233521,-943.715637,935.626282,3],[-881.740662,-951.582397,935.465576,3],[-889.82312,-957.633667,935.34198,3],[-893.056091,-960.054199,935.292542,3]],"overObjects":true,"renderPriority":8,"textureLength":36}
{"class":"DecalRoad","persistentId":"789c09b9-e4f8-435d-982e-b583de80bea5","__parent":"Road Architect - Road 83","position":[-847.612854,-929.778564,935.960022],"improvedSpline":true,"material":"m_tread_marks_clean","nodes":[[-847.612854,-929.778564,935.960022,3],[-850.801453,-932.258423,935.910583,3.14814806],[-858.772949,-938.457947,935.786926,3.51851845],[-869.135803,-946.517395,935.626282,4],[-879.498718,-954.576843,935.465576,4.48148155],[-887.470215,-960.776367,935.34198,4.85185194],[-890.658813,-963.256226,935.292542,5]],"overObjects":true,"renderPriority":9,"textureLength":36}
{"class":"DecalRoad","persistentId":"2f5c21c8-c567-4ad0-ab72-b25f5ebedd85","__parent":"Road Architect - Road 83","position":[-846.114563,-931.779846,935.960022],"improvedSpline":true,"material":"m_tread_marks_clean","nodes":[[-846.114563,-931.779846,935.960022,2],[-849.303101,-934.259644,935.910583,1.85185182],[-857.274597,-940.459229,935.786926,1.48148143],[-867.637512,-948.518677,935.626282,1],[-878.000427,-956.578064,935.465576,0.518518507],[-885.971863,-962.777649,935.34198,0.148148149],[-889.160461,-965.257446,935.292542,0]],"overObjects":true,"textureLength":36}
{"class":"DecalRoad","persistentId":"8ac3df67-86ba-4b06-b3b9-585a7416784b","__parent":"Road Architect - Road 83","position":[-847.612854,-929.778564,935.960022],"improvedSpline":true,"material":"road_patches1","nodes":[[-847.612854,-929.778564,935.960022,3],[-850.801453,-932.258423,935.910583,3.14814806],[-858.772949,-938.457947,935.786926,3.51851845],[-869.135803,-946.517395,935.626282,4],[-879.498718,-954.576843,935.465576,4.48148155],[-887.470215,-960.776367,935.34198,4.85185194],[-890.658813,-963.256226,935.292542,5]],"overObjects":true,"renderPriority":11,"startEndFade":[35.442276,35.442276],"textureLength":26}
