{"name":"spawn_little_castle","class":"SpawnSphere","__parent":"PlayerDropPoints","position":[882.655212,-831.985352,964.820557],"dataBlock":"SpawnSphereMarker","radius":1,"rotationMatrix":[-0.997460604,-0.07123027,-1.0128133e-08,0.0711548254,-0.996404052,-0.0460130572,0.00327751134,-0.04589618,0.998940825],"spawnClass":"Player","sphereWeight0":"1"}
{"name":"spawn_harpooner","class":"SpawnSphere","__parent":"PlayerDropPoints","position":[824.920593,-352.391998,974.487915],"dataBlock":"SpawnSphereMarker","radius":1,"rotationMatrix":[-0.167651892,-0.985846579,0,0.979992211,-0.166656375,-0.108818501,0.107278317,-0.018243596,0.994061649],"spawnClass":"Player","sphereWeight0":"1"}
{"name":"spawn_white_cock","class":"SpawnSphere","__parent":"PlayerDropPoints","position":[-570.094116,-580.187134,933.76825],"dataBlock":"SpawnSphereMarker","radius":1,"rotationMatrix":[0.544928014,0.838482916,5.58793545e-09,-0.836517513,0.543650746,-0.0684280619,-0.0573757514,0.0372883677,0.997656047],"spawnClass":"Player","sphereWeight0":"1"}
{"name":"spawn_edge","class":"SpawnSphere","persistentId":"acc7e7f4-77c7-4563-b3b9-850150c67f87","__parent":"PlayerDropPoints","position":[-887.064758,-955.573242,931.875671],"dataBlock":"SpawnSphereMarker","enabled":"1","homingCount":"0","indoorWeight":"1","isAIControlled":"0","lockCount":"0","outdoorWeight":"1","radius":1,"rotationMatrix":[-0.652527213,0.757765472,0,-0.757765472,-0.652527213,0,0,0,1],"sphereWeight":"1"}
