{"class":"DecalRoad","persistentId":"b26d94ec-2e68-4e28-b35c-1ff572af2b66","__parent":"WC_Manholes","position":[-554.769714,-549.634888,933.349426],"improvedSpline":true,"material":"m_concrete_floor_polish","nodes":[[-554.769714,-549.634888,933.349426,7.5],[-556.188965,-556.059387,933.35199,7.5]]}
{"name":"TSStatic_121111","class":"TSStatic","__parent":"WC_Manholes","position":[-557.720093,-552.138794,933.016602],"isRenderEnabled":false,"rotationMatrix":[0.189323783,0.981913745,-0.00138332695,-0.980273068,0.189088523,0.0575348325,0.0567558147,-0.00953667238,0.998342514],"shapeName":"/levels/west_coast_usa/art/shapes/buildings/s_fuel_manhole_refill_double.dae"}
{"name":"TSStatic_12112","class":"TSStatic","__parent":"WC_Manholes","position":[-552.866516,-553.074951,932.884155],"isRenderEnabled":false,"rotationMatrix":[0.189323783,0.981913745,-0.00138332695,-0.980273068,0.189088523,0.0575348325,0.0567558147,-0.00953667238,0.998342514],"shapeName":"/levels/west_coast_usa/art/shapes/buildings/s_fuel_manhole_refill_double.dae"}
{"name":"TSStatic_1212","class":"TSStatic","__parent":"WC_Manholes","position":[-557.92218,-553.299194,933.022217],"instanceColor":[1,0,0,1],"isRenderEnabled":false,"rotationMatrix":[0.189323783,0.981913745,-0.00138332695,-0.980273068,0.189088523,0.0575348325,0.0567558147,-0.00953667238,0.998342514],"shapeName":"/levels/west_coast_usa/art/shapes/buildings/s_fuel_manhole_refill.dae"}
{"name":"TSStatic_12121","class":"TSStatic","__parent":"WC_Manholes","position":[-557.469604,-550.952515,933.021606],"isRenderEnabled":false,"rotationMatrix":[0.189323783,0.981913745,-0.00138332695,-0.980273068,0.189088523,0.0575348325,0.0567558147,-0.00953667238,0.998342514],"shapeName":"/levels/west_coast_usa/art/shapes/buildings/s_fuel_manhole_refill.dae"}
{"name":"TSStatic_1213","class":"TSStatic","__parent":"WC_Manholes","position":[-552.587036,-551.894287,932.880188],"isRenderEnabled":false,"rotationMatrix":[0.189323783,0.981913745,-0.00138332695,-0.980273068,0.189088523,0.0575348325,0.0567558147,-0.00953667238,0.998342514],"shapeName":"/levels/west_coast_usa/art/shapes/buildings/s_fuel_manhole_refill.dae"}
{"name":"TSStatic_121211","class":"TSStatic","__parent":"WC_Manholes","position":[-555.542725,-551.324158,932.986328],"isRenderEnabled":false,"rotationMatrix":[0.189323783,0.981913745,-0.00138332695,-0.980273068,0.189088523,0.0575348325,0.0567558147,-0.00953667238,0.998342514],"shapeName":"/levels/west_coast_usa/art/shapes/buildings/s_fuel_manhole_refill.dae"}
{"name":"TSStatic_12131","class":"TSStatic","__parent":"WC_Manholes","position":[-554.273743,-551.569031,932.937805],"isRenderEnabled":false,"rotationMatrix":[0.189323783,0.981913745,-0.00138332695,-0.980273068,0.189088523,0.0575348325,0.0567558147,-0.00953667238,0.998342514],"shapeName":"/levels/west_coast_usa/art/shapes/buildings/s_fuel_manhole_refill.dae"}
{"name":"TSStatic_121","class":"TSStatic","__parent":"WC_Manholes","position":[-553.039673,-554.241089,932.88092],"isRenderEnabled":false,"rotationMatrix":[0.189323783,0.981913745,-0.00138332695,-0.980273068,0.189088523,0.0575348325,0.0567558147,-0.00953667238,0.998342514],"shapeName":"/levels/west_coast_usa/art/shapes/buildings/s_fuel_manhole_refill.dae"}
{"name":"TSStatic_1211","class":"TSStatic","__parent":"WC_Manholes","position":[-553.331238,-555.481873,932.877563],"isRenderEnabled":false,"rotationMatrix":[0.189323783,0.981913745,-0.00138332695,-0.980273068,0.189088523,0.0575348325,0.0567558147,-0.00953667238,0.998342514],"shapeName":"/levels/west_coast_usa/art/shapes/buildings/s_fuel_manhole_refill_double.dae"}
{"name":"TSStatic_12111","class":"TSStatic","__parent":"WC_Manholes","position":[-558.18457,-554.545715,933.01416],"isRenderEnabled":false,"rotationMatrix":[0.189323783,0.981913745,-0.00138332695,-0.980273068,0.189088523,0.0575348325,0.0567558147,-0.00953667238,0.998342514],"shapeName":"/levels/west_coast_usa/art/shapes/buildings/s_fuel_manhole_refill_double.dae"}
