{"name":"NewMeshRoad","class":"MeshRoad","__parent":"WC_Buildings","position":[-560.937805,-572.13623,933.50415],"bottomMaterial":"ind_concrete","nodes":[[-560.937805,-572.13623,933.50415,1,5,0,0,1],[-557.985779,-557.428833,933.50415,1,5,0,0,1]],"rotationMatrix":[0.980420172,-0.196916983,0,0.196916983,0.980420172,0,0,0,1],"sideMaterial":"ind_concrete","topMaterial":"ind_concrete"}
{"name":"NewMeshRoad5","class":"MeshRoad","__parent":"WC_Buildings","position":[-568.777222,-570.554688,933.770691],"bottomMaterial":"ind_concrete","nodes":[[-568.777222,-570.554688,933.770691,1,5,0,0,1],[-565.825195,-555.847534,933.770691,1,5,0,0,1]],"rotationMatrix":[0.980420172,-0.196916983,0,0.196916983,0.980420172,0,0,0,1],"sideMaterial":"ind_concrete","topMaterial":"ind_concrete"}
{"name":"TSStatic_2","class":"TSStatic","__parent":"WC_Buildings","position":[-541.744263,-568.4776,933.899963],"isRenderEnabled":false,"shapeName":"/levels/west_coast_usa/art/shapes/buildings/s_fuel_sign_tyranos.dae"}
{"name":"TSStatic_1211122","class":"TSStatic","__parent":"WC_Buildings","position":[-558.278564,-559.535828,933.497925],"isRenderEnabled":false,"rotationMatrix":[-0.236162186,-0.971457183,-0.0223336425,0.970512331,-0.236950517,0.044280488,-0.0483085513,-0.0112177059,0.998769462],"shapeName":"/levels/west_coast_usa/art/shapes/buildings/s_fuel_pump_2000.dae"}
{"name":"TSStatic_12111221","class":"TSStatic","__parent":"WC_Buildings","position":[-566.166443,-558.104797,933.789551],"isRenderEnabled":false,"rotationMatrix":[-0.236162186,-0.971457183,-0.0223336425,0.970512331,-0.236950517,0.044280488,-0.0483085513,-0.0112177059,0.998769462],"shapeName":"/levels/west_coast_usa/art/shapes/buildings/s_fuel_pump_2000.dae"}
{"name":"TSStatic_121112111","class":"TSStatic","__parent":"WC_Buildings","position":[-568.10498,-568.053223,933.765381],"isRenderEnabled":false,"rotationMatrix":[-0.176928401,-0.984170973,0.0101781944,0.984207213,-0.176856279,0.00760548934,-0.00568502303,0.0113630816,0.999919295],"shapeName":"/levels/west_coast_usa/art/shapes/buildings/s_fuel_pump_2000.dae"}
{"name":"TSStatic_12111211","class":"TSStatic","__parent":"WC_Buildings","position":[-560.217102,-569.484253,933.473755],"isRenderEnabled":false,"rotationMatrix":[-0.176928401,-0.984170973,0.0101781944,0.984207213,-0.176856279,0.00760548934,-0.00568502303,0.0113630816,0.999919295],"shapeName":"/levels/west_coast_usa/art/shapes/buildings/s_fuel_pump_2000.dae"}
{"name":"TSStatic_122","class":"TSStatic","__parent":"WC_Buildings","position":[-581.492065,-582.629761,934.012817],"isRenderEnabled":false,"rotationMatrix":[0.381810069,0.924240708,0.000255402061,-0.924239874,0.381810069,-0.00125168427,-0.00125437276,0.000241852831,0.999999166],"shapeName":"/levels/west_coast_usa/art/shapes/buildings/s_fuel_main_05.dae"}
{"name":"TSStatic_1221","class":"TSStatic","__parent":"WC_Buildings","position":[-561.785217,-615.761292,931.90918],"isRenderEnabled":false,"rotationMatrix":[-0.713745236,-0.700405359,-0.000725907914,0.700404644,-0.713745594,0.00105119054,-0.00125437276,0.000241852889,0.999999166],"shapeName":"/levels/east_coast_usa/art/shapes/buildings/eca_gastation_store.DAE"}
{"name":"TSStatic_1","class":"TSStatic","__parent":"WC_Buildings","position":[-559.624084,-566.139771,933.450195],"isRenderEnabled":false,"rotationMatrix":[-0.183331251,-0.98305124,8.14907253e-10,0.983050406,-0.183331132,-0.00127747515,0.00125582365,-0.000234200212,0.999999166],"shapeName":"/levels/west_coast_usa/art/shapes/buildings/s_fuel_structure_01.dae"}
{"name":"TSStatic_11","class":"TSStatic","__parent":"WC_Buildings","position":[-564.516846,-599.221863,933.450195],"isRenderEnabled":false,"rotationMatrix":[-0.710559487,-0.703637242,9.89530236e-10,0.703636646,-0.710558891,-0.00127747527,0.000898879836,-0.000907721347,0.999999166],"shapeName":"/levels/west_coast_usa/art/shapes/buildings/s_fuel_structure_01.dae"}
{"name":"TSStatic_12","class":"TSStatic","__parent":"WC_Buildings","position":[-587.265259,-559.628052,934.211548],"isRenderEnabled":false,"rotationMatrix":[0.189321578,0.981915355,9.31322575e-10,-0.98191452,0.189321458,-0.00127747573,-0.00125437288,0.000241853064,0.999999166],"scale":[1,2.23144484,1],"shapeName":"/levels/west_coast_usa/art/shapes/buildings/s_fuel_main_05.dae"}
{"name":"TSStatic_13","class":"TSStatic","__parent":"WC_Buildings","position":[-575.388977,-563.199707,933.470703],"isRenderEnabled":false,"rotationMatrix":[-0.183331251,-0.98305124,8.14907253e-10,0.983050406,-0.183331132,-0.00127747515,0.00125582365,-0.000234200212,0.999999166],"shapeName":"/levels/west_coast_usa/art/shapes/buildings/s_fuel_structure_01.dae"}
{"name":"NewMeshRoad8","class":"MeshRoad","__parent":"WC_Buildings","position":[-571.045288,-605.351013,932.938477],"bottomMaterial":"ind_concrete","nodes":[[-571.045288,-605.351013,932.938477,1,5,0,0,1],[-560.200989,-594.985107,932.938477,1,5,0,0,1]],"rotationMatrix":[0.690884352,-0.722965479,0,0.722965479,0.690884352,0,0,0,1],"sideMaterial":"ind_concrete","topMaterial":"ind_concrete"}
{"name":"TSStatic_121112112","class":"TSStatic","__parent":"WC_Buildings","position":[-568.935547,-603.589905,932.908081],"isRenderEnabled":false,"rotationMatrix":[-0.708728552,-0.705408096,0.0101781962,0.705479145,-0.708690166,0.00760548888,0.00184821244,0.0125707295,0.999919295],"shapeName":"/levels/west_coast_usa/art/shapes/buildings/s_fuel_pump_2000.dae"}
{"name":"TSStatic_12111222","class":"TSStatic","__parent":"WC_Buildings","position":[-561.648376,-596.545288,932.932251],"isRenderEnabled":false,"rotationMatrix":[-0.750001788,-0.661058903,-0.0223336574,0.659832835,-0.750106812,0.0442804843,-0.046024628,0.018473953,0.998769462],"shapeName":"/levels/west_coast_usa/art/shapes/buildings/s_fuel_pump_2000.dae"}
{"name":"TSStatic_121112211","class":"TSStatic","__parent":"WC_Buildings","position":[-567.294617,-590.85437,933.498779],"isRenderEnabled":false,"rotationMatrix":[-0.750001788,-0.661058903,-0.0223336574,0.659832835,-0.750106812,0.0442804843,-0.046024628,0.018473953,0.998769462],"shapeName":"/levels/west_coast_usa/art/shapes/buildings/s_fuel_pump_2000.dae"}
{"name":"NewMeshRoad51","class":"MeshRoad","__parent":"WC_Buildings","position":[-576.565613,-599.564453,933.479919],"bottomMaterial":"ind_concrete","nodes":[[-576.565613,-599.564453,933.479919,1,5,0,0,1],[-565.720703,-589.197571,933.479919,1,5,0,0,1]],"rotationMatrix":[0.690884352,-0.722965479,0,0.722965479,0.690884352,0,0,0,1],"sideMaterial":"ind_concrete","topMaterial":"ind_concrete"}
{"name":"TSStatic_1211121111","class":"TSStatic","__parent":"WC_Buildings","position":[-574.581726,-597.898987,933.474609],"isRenderEnabled":false,"rotationMatrix":[-0.708728552,-0.705408096,0.0101781962,0.705479145,-0.708690166,0.00760548888,0.00184821244,0.0125707295,0.999919295],"shapeName":"/levels/west_coast_usa/art/shapes/buildings/s_fuel_pump_2000.dae"}
{"name":"TSStatic_131","class":"TSStatic","__parent":"WC_Buildings","position":[-62.1954422,-661.27356,933.562378],"isRenderEnabled":false,"rotationMatrix":[0.411245823,-0.911524534,9.89530236e-10,0.911523819,0.411245465,-0.00127747538,0.00116444961,0.000525357435,0.999999166],"shapeName":"/levels/west_coast_usa/art/shapes/buildings/s_fuel_structure_05.dae"}
{"name":"TSStatic_1311","class":"TSStatic","__parent":"WC_Buildings","position":[-46.829319,-654.340942,933.548401],"isRenderEnabled":false,"rotationMatrix":[0.411245823,-0.911524534,9.89530236e-10,0.911523819,0.411245465,-0.00127747538,0.00116444961,0.000525357435,0.999999166],"shapeName":"/levels/west_coast_usa/art/shapes/buildings/s_fuel_structure_05.dae"}
{"name":"TSStatic_124","class":"TSStatic","__parent":"WC_Buildings","position":[-57.8115692,-689.418274,934.907043],"isRenderEnabled":false,"rotationMatrix":[-0.987884998,-0.155184984,-0.00120164512,0.155184567,-0.987885714,0.000433582638,-0.00125437311,0.000241852904,0.999999166],"scale":[1,2.23144484,1],"shapeName":"/levels/west_coast_usa/art/shapes/buildings/s_fuel_main_05.dae"}
{"name":"TSStatic_1241","class":"TSStatic","__parent":"WC_Buildings","position":[-38.7585487,-692.743958,934.931763],"isRenderEnabled":false,"rotationMatrix":[-0.987884998,-0.155184984,-0.00120164512,0.155184567,-0.987885714,0.000433582638,-0.00125437311,0.000241852904,0.999999166],"scale":[1,0.951684594,1],"shapeName":"/levels/west_coast_usa/art/shapes/buildings/s_fuel_main_05.dae"}
{"name":"TSStatic_1242","class":"TSStatic","__parent":"WC_Buildings","position":[-65.9970169,-584.718933,933.158447],"isRenderEnabled":false,"rotationMatrix":[-0.437166095,0.899380565,-0.000765887438,-0.899379969,-0.437166691,-0.00102242839,-0.00125437265,0.00024185286,0.999999166],"scale":[1.29562438,1.19666839,1],"shapeName":"/levels/west_coast_usa/art/shapes/buildings/s_fuel_main_05.dae"}
{"name":"TSStatic_12421","class":"TSStatic","__parent":"WC_Buildings","position":[-45.9228439,-557.097534,933.557739],"isRenderEnabled":false,"rotationMatrix":[0.887175083,0.461431891,0.00100125035,-0.461431295,0.88717562,-0.000793373329,-0.00125437265,0.00024185286,0.999999166],"scale":[1.49759996,1.19666839,1],"shapeName":"/levels/west_coast_usa/art/shapes/buildings/s_fuel_main_05.dae"}
{"name":"TSStatic_13111","class":"TSStatic","__parent":"WC_Buildings","position":[-44.1521225,-582.427612,933.643005],"isRenderEnabled":false,"rotationMatrix":[-0.864924908,-0.501899183,0.00127083925,0.501899421,-0.864925742,-0.000130041604,0.00116444961,0.000525357318,0.999999166],"shapeName":"/levels/west_coast_usa/art/shapes/buildings/s_fuel_structure_05.dae"}
