{"name":"TSStatic_131111","class":"TSStatic","__parent":"Mike Robert","position":[469.354126,-41.0310326,958.845154],"isRenderEnabled":false,"rotationMatrix":[-0.0340309143,-0.999420822,0.000564680668,0.999420345,-0.0340315104,-0.00114589673,0.00116444961,0.000525357493,0.999999166],"scale":[0.539747596,0.683752179,1],"shapeName":"/levels/west_coast_usa/art/shapes/buildings/s_fuel_structure_05.dae"}
{"name":"TSStatic_1311111","class":"TSStatic","__parent":"Mike Robert","position":[474.370605,-35.8151817,958.919067],"isRenderEnabled":false,"rotationMatrix":[-0.0340309143,-0.999420822,0.000564680668,0.999420345,-0.0340315104,-0.00114589673,0.00116444961,0.000525357493,0.999999166],"scale":[0.539747596,0.683752179,1],"shapeName":"/levels/west_coast_usa/art/shapes/buildings/s_fuel_structure_05.dae"}
{"name":"TSStatic_13111111","class":"TSStatic","__parent":"Mike Robert","position":[481.321381,-30.3858185,959.063599],"isRenderEnabled":false,"rotationMatrix":[-0.0340309143,-0.999420822,0.000564680668,0.999420345,-0.0340315104,-0.00114589673,0.00116444961,0.000525357493,0.999999166],"scale":[0.539747596,0.683752179,1],"shapeName":"/levels/west_coast_usa/art/shapes/buildings/s_fuel_structure_05.dae"}
{"name":"TSStatic_131111111","class":"TSStatic","__parent":"Mike Robert","position":[487.161346,-24.3233509,959.016418],"isRenderEnabled":false,"rotationMatrix":[-0.0340309143,-0.999420822,0.000564680668,0.999420345,-0.0340315104,-0.00114589673,0.00116444961,0.000525357493,0.999999166],"scale":[0.539747596,0.683752179,1],"shapeName":"/levels/west_coast_usa/art/shapes/buildings/s_fuel_structure_05.dae"}
