{"name":"Mesh Spline 2_Main_1","class":"TSStatic","__parent":"Mesh Spline 2 - a5775fd1-8ae8-4dd0-9d6e-288c61b5385c","position":[-508.753693,-557.019043,932.25],"isRenderEnabled":false,"rotationMatrix":[-0.0454571247,-0.99895364,-0.00503753079,0.998933017,-0.0454139709,-0.00839370675,0.00815614872,-0.00541370967,0.999952078],"shapeName":"art/shapes/objects/jerseybarrier_3m.dae"}
{"name":"Mesh Spline 2_Main_2","class":"TSStatic","__parent":"Mesh Spline 2 - a5775fd1-8ae8-4dd0-9d6e-288c61b5385c","position":[-511.754089,-556.892212,932.25],"isRenderEnabled":false,"rotationMatrix":[-0.0407736301,-0.999163151,0.00322023989,0.999157906,-0.0407582521,0.00471296022,-0.00457776524,0.00340969255,0.999983728],"shapeName":"art/shapes/objects/jerseybarrier_3m.dae"}
{"name":"Mesh Spline 2_StartCap","class":"TSStatic","__parent":"Mesh Spline 2 - a5775fd1-8ae8-4dd0-9d6e-288c61b5385c","position":[-505.753265,-557.145874,932.25],"isRenderEnabled":false,"rotationMatrix":[-0.044038415,-0.999012411,-0.00589125464,0.999020875,-0.0440622568,0.00396929774,-0.00422496023,-0.00571068469,0.999974787],"shapeName":"art/shapes/objects/jerseybarrier_end.dae"}
{"name":"Mesh Spline 2_EndCap","class":"TSStatic","__parent":"Mesh Spline 2 - a5775fd1-8ae8-4dd0-9d6e-288c61b5385c","position":[-514.754517,-556.765381,932.25],"isRenderEnabled":false,"rotationMatrix":[0.0333432555,0.999442875,0.00144040491,-0.999414742,0.0333312154,0.00769522227,0.00764292479,-0.00169614609,0.999969363],"shapeName":"art/shapes/objects/jerseybarrier_end.dae"}
