{"name":"TSStatic_123","class":"TSStatic","__parent":"BigAttacked","position":[-697.708252,-670.752869,937.378418],"isRenderEnabled":false,"rotationMatrix":[0.110757351,0.993847668,6.98491931e-10,-0.993846834,0.110757232,-0.00127747597,-0.0012696163,0.00014148932,0.999999166],"shapeName":"/levels/west_coast_usa/art/shapes/buildings/s_fuel_structure_05.dae"}
{"name":"TSStatic_1231","class":"TSStatic","__parent":"BigAttacked","position":[-722.947632,-691.758789,937.368774],"isRenderEnabled":false,"rotationMatrix":[0.783501506,0.621389925,4.65661287e-10,-0.621389449,0.78350091,-0.0012774762,-0.00079381105,0.00100090436,0.999999166],"shapeName":"/levels/west_coast_usa/art/shapes/buildings/s_fuel_structure_05.dae"}
{"name":"s","class":"TSStatic","__parent":"BigAttacked","position":[-865.857056,-644.317871,935.579956],"isRenderEnabled":false,"rotationMatrix":[-0.596918464,0.802301466,5.82076609e-10,-0.80230087,-0.596917987,-0.00127747608,-0.00102492073,-0.000762549986,0.999999166],"scale":[2.11879778,1.51776719,1],"shapeName":"/levels/west_coast_usa/art/shapes/buildings/warehouse_large.dae"}
{"name":"s1","class":"TSStatic","__parent":"BigAttacked","position":[-805.434082,-626.713623,935.579956],"isRenderEnabled":false,"rotationMatrix":[-0.607016206,0.794689119,5.82076609e-10,-0.794688523,-0.607015729,-0.00127747608,-0.00101519609,-0.000775449444,0.999999166],"scale":[3.70419168,2.01729918,1],"shapeName":"/levels/west_coast_usa/art/shapes/buildings/warehouse_awning.dae"}
{"name":"s2","class":"TSStatic","__parent":"BigAttacked","position":[-893.973206,-664.282166,935.579956],"isRenderEnabled":false,"rotationMatrix":[-0.596918464,0.802301466,5.82076609e-10,-0.80230087,-0.596917987,-0.00127747608,-0.00102492073,-0.000762549986,0.999999166],"scale":[2.11879778,1.51776719,1],"shapeName":"/levels/west_coast_usa/art/shapes/buildings/warehouse_large.dae"}
{"name":"s21","class":"TSStatic","__parent":"BigAttacked","position":[-834.331787,-592.633057,935.579956],"isRenderEnabled":false,"rotationMatrix":[-0.791791081,-0.610792816,5.82076609e-10,0.610792339,-0.791790485,-0.00127747655,0.000780273753,-0.00101149362,0.999999166],"scale":[2.11879778,1.51776719,1],"shapeName":"/levels/west_coast_usa/art/shapes/buildings/warehouse_large.dae"}
{"name":"s221","class":"TSStatic","__parent":"BigAttacked","position":[-753.916626,256.240234,834.868835],"isRenderEnabled":false,"rotationMatrix":[-0.517694831,0.855565608,1.16415322e-10,-0.855564892,-0.517694473,-0.0012774769,-0.00109296513,-0.000661342987,0.999999166],"shapeName":"/levels/west_coast_usa/art/shapes/buildings/tower_residential1.dae"}
{"name":"s2211","class":"TSStatic","__parent":"BigAttacked","position":[-817.313171,523.11676,844.987183],"isRenderEnabled":false,"rotationMatrix":[-0.609119058,0.793078363,5.82076609e-11,-0.793077767,-0.609118462,-0.00127747643,-0.00101313903,-0.000778135727,0.999999166],"shapeName":"/levels/west_coast_usa/art/shapes/buildings/tower_residential4.dae"}
{"name":"s22112","class":"TSStatic","__parent":"BigAttacked","position":[-746.78656,574.78656,844.987183],"isRenderEnabled":false,"rotationMatrix":[-0.609119058,0.793078363,5.82076609e-11,-0.793077767,-0.609118462,-0.00127747643,-0.00101313903,-0.000778135727,0.999999166],"shapeName":"/levels/west_coast_usa/art/shapes/buildings/tower_residential4.dae"}
{"name":"s221111","class":"TSStatic","__parent":"BigAttacked","position":[-713.528137,599.880493,844.987183],"isRenderEnabled":false,"rotationMatrix":[-0.609119058,0.793078363,5.82076609e-11,-0.793077767,-0.609118462,-0.00127747643,-0.00101313903,-0.000778135727,0.999999166],"shapeName":"/levels/west_coast_usa/art/shapes/buildings/tower_residential4.dae"}
{"name":"s221121","class":"TSStatic","__parent":"BigAttacked","position":[-724.467773,550.883972,844.987183],"isRenderEnabled":false,"rotationMatrix":[-0.609119058,0.793078363,5.82076609e-11,-0.793077767,-0.609118462,-0.00127747643,-0.00101313903,-0.000778135727,0.999999166],"shapeName":"/levels/west_coast_usa/art/shapes/buildings/tower_residential4.dae"}
{"name":"s2211111","class":"TSStatic","__parent":"BigAttacked","position":[-691.209351,575.977905,844.987183],"isRenderEnabled":false,"rotationMatrix":[-0.609119058,0.793078363,5.82076609e-11,-0.793077767,-0.609118462,-0.00127747643,-0.00101313903,-0.000778135727,0.999999166],"shapeName":"/levels/west_coast_usa/art/shapes/buildings/tower_residential4.dae"}
{"name":"s221112","class":"TSStatic","__parent":"BigAttacked","position":[-761.735962,524.308105,844.987183],"isRenderEnabled":false,"rotationMatrix":[-0.609119058,0.793078363,5.82076609e-11,-0.793077767,-0.609118462,-0.00127747643,-0.00101313903,-0.000778135727,0.999999166],"shapeName":"/levels/west_coast_usa/art/shapes/buildings/tower_residential4.dae"}
{"name":"s2212","class":"TSStatic","__parent":"BigAttacked","position":[-814.457092,342.744507,842.012451],"isRenderEnabled":false,"rotationMatrix":[-0.517694831,0.855565608,1.16415322e-10,-0.855564892,-0.517694473,-0.0012774769,-0.00109296513,-0.000661342987,0.999999166],"shapeName":"/levels/west_coast_usa/art/shapes/buildings/tower_residential1.dae"}
