{"name":"Sidewalk_86_1","class":"ProceduralMesh","__parent":"Road Architect - Road 86"}
{"name":"Curb_86_1","class":"ProceduralMesh","__parent":"Road Architect - Road 86"}
{"name":"jerseybarrier_3m.dae 86--1-1","class":"TSStatic","__parent":"Road Architect - Road 86","position":[-963.619019,-896.707336,931.019531],"decalType":"None","isRenderEnabled":false,"rotationMatrix":[-0.798366904,-0.602171361,0,0.602171361,-0.798366904,0,0,0,1],"shapeName":"/art/shapes/objects/jerseybarrier_3m.dae"}
{"name":"jerseybarrier_3m.dae 86--1-2","class":"TSStatic","__parent":"Road Architect - Road 86","position":[-965.462708,-894.114807,931.019531],"decalType":"None","isRenderEnabled":false,"rotationMatrix":[-0.830874443,-0.556460023,0,0.556460023,-0.830874443,0,0,0,1],"shapeName":"/art/shapes/objects/jerseybarrier_3m.dae"}
{"name":"jerseybarrier_3m.dae 86--1-3","class":"TSStatic","__parent":"Road Architect - Road 86","position":[-967.123962,-891.403381,931.019531],"decalType":"None","isRenderEnabled":false,"rotationMatrix":[-0.873103499,-0.487534821,0,0.487534821,-0.873103499,0,0,0,1],"shapeName":"/art/shapes/objects/jerseybarrier_3m.dae"}
{"name":"jerseybarrier_3m.dae 86--1-4","class":"TSStatic","__parent":"Road Architect - Road 86","position":[-968.624817,-888.59729,931.019531],"decalType":"None","isRenderEnabled":false,"rotationMatrix":[-0.890191197,-0.455587149,0,0.455587149,-0.890191197,0,0,0,1],"shapeName":"/art/shapes/objects/jerseybarrier_3m.dae"}
{"name":"jerseybarrier_3m.dae 86--1-5","class":"TSStatic","__parent":"Road Architect - Road 86","position":[-970.00354,-885.729919,931.019531],"decalType":"None","isRenderEnabled":false,"rotationMatrix":[-0.911713481,-0.410826743,0,0.410826743,-0.911713481,0,0,0,1],"shapeName":"/art/shapes/objects/jerseybarrier_3m.dae"}
{"name":"jerseybarrier_3m.dae 86--1-6","class":"TSStatic","__parent":"Road Architect - Road 86","position":[-971.204224,-882.785339,931.019531],"decalType":"None","isRenderEnabled":false,"rotationMatrix":[-0.939032316,-0.343828976,0,0.343828976,-0.939032316,0,0,0,1],"shapeName":"/art/shapes/objects/jerseybarrier_3m.dae"}
{"name":"jerseybarrier_3m.dae 86--1-7","class":"TSStatic","__parent":"Road Architect - Road 86","position":[-972.124573,-879.746338,931.020813],"decalType":"None","isRenderEnabled":false,"rotationMatrix":[-0.972025037,-0.234876752,-7.27595761e-12,0.234876662,-0.972024679,-0.000808543002,0.000189907965,-0.000785924087,0.999999702],"shapeName":"/art/shapes/objects/jerseybarrier_3m.dae"}
{"name":"jerseybarrier_3m.dae 86--1-8","class":"TSStatic","__parent":"Road Architect - Road 86","position":[-972.692139,-876.622925,931.042236],"decalType":"None","isRenderEnabled":false,"rotationMatrix":[-0.992512703,-0.122141249,8.87131318e-06,0.122131325,-0.992432952,-0.0126772933,0.00155722466,-0.0125812907,0.999919653],"shapeName":"/art/shapes/objects/jerseybarrier_3m.dae"}
{"name":"jerseybarrier_3m.dae 86--1-9","class":"TSStatic","__parent":"Road Architect - Road 86","position":[-972.96167,-873.456238,931.117371],"decalType":"None","isRenderEnabled":false,"rotationMatrix":[-0.998878479,-0.0473419614,0.000496906345,0.0472965427,-0.998282909,-0.0345544703,0.00213192962,-0.0344922207,0.999402702],"shapeName":"/art/shapes/objects/jerseybarrier_3m.dae"}
{"name":"jerseybarrier_3m.dae 86--1-10","class":"TSStatic","__parent":"Road Architect - Road 86","position":[-973.066895,-870.278259,931.246033],"decalType":"None","isRenderEnabled":false,"rotationMatrix":[-0.999821663,-0.018883694,0.000488582184,0.0188408494,-0.998750687,-0.0462853722,0.0013620106,-0.0462679081,0.99892813],"shapeName":"/art/shapes/objects/jerseybarrier_3m.dae"}
{"name":"jerseybarrier_3m.dae 86--1-11","class":"TSStatic","__parent":"Road Architect - Road 86","position":[-973.10376,-867.099426,931.402466],"decalType":"None","isRenderEnabled":false,"rotationMatrix":[-0.999990463,-0.00436773058,0.000365462183,0.00434280559,-0.998636603,-0.0520204641,0.000592175289,-0.0520183779,0.998645961],"shapeName":"/art/shapes/objects/jerseybarrier_3m.dae"}
{"name":"jerseybarrier_3m.dae 86--1-12","class":"TSStatic","__parent":"Road Architect - Road 86","position":[-973.099426,-863.921753,931.585571],"decalType":"None","isRenderEnabled":false,"rotationMatrix":[-0.999974847,0.00706775254,0.000353694631,-0.00707599381,-0.997987509,-0.0630130321,-9.23776242e-05,-0.063013956,0.998012662],"shapeName":"/art/shapes/objects/jerseybarrier_3m.dae"}
{"name":"jerseybarrier_3m.dae 86--1-13","class":"TSStatic","__parent":"Road Architect - Road 86","position":[-973.076904,-860.745178,931.786133],"decalType":"None","isRenderEnabled":false,"rotationMatrix":[-0.999974728,0.00710791955,-0.000282495457,-0.00707599381,-0.997987628,-0.0630130321,-0.000729818537,-0.0630094409,0.998012662],"shapeName":"/art/shapes/objects/jerseybarrier_3m.dae"}
{"class":"DecalRoad","persistentId":"de35b941-ec3f-4aff-80dd-f7d55604cba1","__parent":"Road Architect - Road 86","position":[-966.214539,-900.738403,935.210022],"autoLanes":false,"drivability":1,"improvedSpline":true,"lanesRight":2,"material":"road_invisible","nodes":[[-966.214539,-900.738403,935.210022,9],[-966.919861,-899.830078,935.210022,9],[-968.473633,-897.735291,935.210022,9],[-970.05304,-895.370605,935.210022,9],[-971.180359,-893.414856,935.210022,9],[-972.351379,-891.235474,935.210022,9],[-973.500977,-888.939636,935.210022,9],[-974.547607,-886.659668,935.210022,9],[-975.408264,-884.52594,935.210022,9],[-976.208252,-882.146362,935.210022,9],[-976.780334,-879.86499,935.210022,9],[-977.207825,-877.282959,935.210022,9],[-977.431946,-874.685974,935.258484,9],[-977.554626,-871.479858,935.379639,9],[-977.605774,-868.134705,935.53717,9],[-977.611389,-865.13385,935.694702,9],[-977.596497,-862.969177,935.815918,9]],"overObjects":true,"renderPriority":12,"textureLength":36}
{"class":"DecalRoad","persistentId":"ae159dac-38df-411d-bee7-b7c605586d4e","__parent":"Road Architect - Road 86","position":[-963.845276,-898.898071,935.210022],"improvedSpline":true,"material":"m_tread_marks_clean","nodes":[[-963.845276,-898.898071,935.210022,3],[-964.522766,-898.026184,935.210022,3],[-966.019348,-896.010071,935.210022,3],[-967.510803,-893.777832,935.210022,3],[-968.557739,-891.958252,935.210022,3],[-969.688171,-889.85437,935.210022,3],[-970.796509,-887.641235,935.210022,3],[-971.794006,-885.468994,935.210022,3],[-972.593018,-883.489502,935.210022,3],[-973.330688,-881.297974,935.210022,3],[-973.841675,-879.261475,935.210022,3],[-974.231201,-876.90918,935.210022,3],[-974.437256,-874.508301,935.258484,3],[-974.555664,-871.400574,935.379639,3],[-974.605835,-868.107971,935.53717,3],[-974.611389,-865.139221,935.694702,3],[-974.596619,-862.994568,935.815918,3]],"overObjects":true,"renderPriority":2,"textureLength":36}
{"class":"DecalRoad","persistentId":"7f54150a-6629-44a1-84e3-25c7d9df241d","__parent":"Road Architect - Road 86","position":[-966.214539,-900.738403,935.210022],"improvedSpline":true,"material":"m_tread_marks_clean","nodes":[[-966.214539,-900.738403,935.210022,3],[-966.919861,-899.830078,935.210022,3],[-968.473633,-897.735291,935.210022,3],[-970.05304,-895.370605,935.210022,3],[-971.180359,-893.414856,935.210022,3],[-972.351379,-891.235474,935.210022,3],[-973.500977,-888.939636,935.210022,3],[-974.547607,-886.659668,935.210022,3],[-975.408264,-884.52594,935.210022,3],[-976.208252,-882.146362,935.210022,3],[-976.780334,-879.86499,935.210022,3],[-977.207825,-877.282959,935.210022,3],[-977.431946,-874.685974,935.258484,3],[-977.554626,-871.479858,935.379639,3],[-977.605774,-868.134705,935.53717,3],[-977.611389,-865.13385,935.694702,3],[-977.596497,-862.969177,935.815918,3]],"overObjects":true,"renderPriority":3,"textureLength":36}
{"class":"DecalRoad","persistentId":"5a4c3db3-b786-4a51-b1d3-f8b7d9628c09","__parent":"Road Architect - Road 86","position":[-968.58374,-902.578735,935.210022],"improvedSpline":true,"material":"m_tread_marks_clean","nodes":[[-968.58374,-902.578735,935.210022,3],[-969.316956,-901.633911,935.210022,3],[-970.927917,-899.460571,935.210022,3],[-972.595337,-896.963318,935.210022,3],[-973.80304,-894.87146,935.210022,3],[-975.014587,-892.616516,935.210022,3],[-976.205505,-890.237976,935.210022,3],[-977.301208,-887.850342,935.210022,3],[-978.223572,-885.562439,935.210022,3],[-979.085754,-882.99469,935.210022,3],[-979.718994,-880.468445,935.210022,3],[-980.184448,-877.656738,935.210022,3],[-980.426697,-874.863708,935.258484,3],[-980.553528,-871.559143,935.379639,3],[-980.605652,-868.161438,935.53717,3],[-980.611389,-865.128418,935.694702,3],[-980.596436,-862.943787,935.815918,3]],"overObjects":true,"renderPriority":4,"textureLength":36}
{"class":"DecalRoad","persistentId":"3a8b757e-abeb-49ad-b93f-7de56809121b","__parent":"Road Architect - Road 86","position":[-975.408264,-884.52594,935.210022],"improvedSpline":true,"material":"road_patches1","nodes":[[-975.408264,-884.52594,935.210022,3],[-976.208252,-882.146362,935.210022,3],[-976.780334,-879.86499,935.210022,3],[-977.207825,-877.282959,935.210022,3]],"overObjects":true,"renderPriority":5,"startEndFade":[4.6294899,4.6294899],"textureLength":26}
{"class":"DecalRoad","persistentId":"5656d29b-2bdf-4db4-ab43-14c4453ed1eb","__parent":"Road Architect - Road 86","position":[-963.845276,-898.898071,935.210022],"improvedSpline":true,"material":"road_patches1","nodes":[[-963.845276,-898.898071,935.210022,3],[-964.522766,-898.026184,935.210022,3],[-966.019348,-896.010071,935.210022,3],[-967.510803,-893.777832,935.210022,3]],"overObjects":true,"renderPriority":6,"startEndFade":[4.1912322,4.1912322],"textureLength":26}
{"class":"DecalRoad","persistentId":"c58bf0b8-dc8f-4b34-93e7-6431a11a1747","__parent":"Road Architect - Road 86","position":[-974.231201,-876.90918,935.210022],"improvedSpline":true,"material":"road_patches1","nodes":[[-974.231201,-876.90918,935.210022,3],[-974.437256,-874.508301,935.258484,3],[-974.555664,-871.400574,935.379639,3],[-974.605835,-868.107971,935.53717,3],[-974.611389,-865.139221,935.694702,3],[-974.596619,-862.994568,935.815918,3]],"overObjects":true,"renderPriority":7,"startEndFade":[9.72524166,9.72524166],"textureLength":26}
