{"name":"White Cock","class":"SimGroup","__parent":"Bridges"}
{"name":"Alonso","class":"SimGroup","__parent":"Bridges"}
{"name":"TSStatic_311","class":"TSStatic","__parent":"Bridges","position":[-477.342285,-590.514282,932.200073],"collisionType":"Visible Mesh","decalType":"Visible Mesh","isRenderEnabled":false,"rotationMatrix":[0.98480767,0.173648179,1.01304931e-05,-0.173648164,0.98480773,8.00749831e-08,-9.96268318e-06,-1.83800034e-06,0.99999994],"shapeName":"/levels/franka/art/shapes/infra/bridges/frk_infra_bridges_detail_metal_rail.dae"}
{"name":"TSStatic_3111","class":"TSStatic","__parent":"Bridges","position":[-479.079742,-580.723694,932.200073],"collisionType":"Visible Mesh","decalType":"Visible Mesh","isRenderEnabled":false,"rotationMatrix":[0.98480767,0.173648179,1.01304913e-05,-0.173648164,0.98480773,8.00748694e-08,-9.96268136e-06,-1.83799989e-06,0.99999994],"shapeName":"/levels/franka/art/shapes/infra/bridges/frk_infra_bridges_detail_metal_rail.dae"}
{"name":"TSStatic_32","class":"TSStatic","__parent":"Bridges","position":[-482.02832,-591.342834,932],"collisionType":"Visible Mesh","decalType":"Visible Mesh","isRenderEnabled":false,"rotationMatrix":[-0.173648223,0.98480773,1.81007397e-06,-0.98480767,-0.173648238,-3.19164968e-07,0,-1.83799739e-06,0.99999994],"shapeName":"/levels/franka/art/shapes/infra/bridges/frk_infra_bridges_white_cock.dae"}
{"name":"TSStatic_3112","class":"TSStatic","__parent":"Bridges","position":[-467.570709,-588.652405,932.200195],"collisionType":"Visible Mesh","decalType":"Visible Mesh","isRenderEnabled":false,"rotationMatrix":[0.738887668,-0.673828721,6.12280928e-06,0.673828721,0.738887668,8.07121887e-06,-9.96268682e-06,-1.83800034e-06,1],"shapeName":"/levels/franka/art/shapes/infra/bridges/frk_infra_bridges_detail_metal_rail_single.dae"}
{"name":"TSStatic_31121","class":"TSStatic","__parent":"Bridges","position":[-466.095581,-589.997681,932.200195],"collisionType":"Visible Mesh","decalType":"Visible Mesh","isRenderEnabled":false,"rotationMatrix":[0.738887668,-0.673828721,6.12280928e-06,0.673828721,0.738887668,8.07121887e-06,-9.96268682e-06,-1.83800034e-06,1],"shapeName":"/levels/franka/art/shapes/infra/bridges/frk_infra_bridges_detail_metal_rail_single.dae"}
{"name":"TSStatic_31122","class":"TSStatic","__parent":"Bridges","position":[-469.178802,-579.011047,932.200195],"collisionType":"Visible Mesh","decalType":"Visible Mesh","isRenderEnabled":false,"rotationMatrix":[0.835255384,0.549862266,9.33203501e-06,-0.549862266,0.835255384,-3.9429051e-06,-9.96268773e-06,-1.838e-06,1],"shapeName":"/levels/franka/art/shapes/infra/bridges/frk_infra_bridges_detail_metal_rail_single.dae"}
{"name":"TSStatic_321","class":"TSStatic","__parent":"Bridges","position":[-505.601135,-561.692993,932],"collisionType":"Visible Mesh","decalType":"Visible Mesh","isRenderEnabled":false,"rotationMatrix":[-0.996601582,0.08237762,1.81007431e-06,-0.08237762,-0.996601582,-3.19165082e-07,1.77763013e-06,-4.67189892e-07,1],"shapeName":"/levels/franka/art/shapes/infra/bridges/frk_infra_bridges_white_cock.dae"}
