{"name":"Mesh Spline 1_Main_1","class":"TSStatic","__parent":"Mesh Spline 1 - 612494b7-7481-4b03-8673-2cbebda7057f","position":[-509.428406,-566.707031,932.25],"isRenderEnabled":false,"rotationMatrix":[-0.0559409857,-0.998421311,-0.00503751636,0.998401165,-0.0558974743,-0.00839836709,0.00810352433,-0.0054992754,0.999952018],"shapeName":"art/shapes/objects/jerseybarrier_3m.dae"}
{"name":"Mesh Spline 1_Main_2","class":"TSStatic","__parent":"Mesh Spline 1 - 612494b7-7481-4b03-8673-2cbebda7057f","position":[-512.427307,-566.548706,932.25],"isRenderEnabled":false,"rotationMatrix":[-0.0512598753,-0.998680174,0.0032202336,0.998675048,-0.0512443781,0.00470829941,-0.00453706644,0.0034573134,0.999983728],"shapeName":"art/shapes/objects/jerseybarrier_3m.dae"}
{"name":"Mesh Spline 1_StartCap","class":"TSStatic","__parent":"Mesh Spline 1 - 612494b7-7481-4b03-8673-2cbebda7057f","position":[-506.429504,-566.865356,932.25],"isRenderEnabled":false,"rotationMatrix":[-0.0545229912,-0.998495102,-0.00589124579,0.998503327,-0.054546833,0.00396463694,-0.00428001955,-0.0056662648,0.999974787],"shapeName":"art/shapes/objects/jerseybarrier_end.dae"}
{"name":"Mesh Spline 1_EndCap","class":"TSStatic","__parent":"Mesh Spline 1 - 612494b7-7481-4b03-8673-2cbebda7057f","position":[-515.426208,-566.39032,932.25],"isRenderEnabled":false,"rotationMatrix":[0.0438328981,0.999037862,0.00144044706,-0.999009728,0.04382056,0.00769988308,0.00762935355,-0.00177652901,0.999969304],"shapeName":"art/shapes/objects/jerseybarrier_end.dae"}
