{"name":"TheWho","class":"TSStatic","__parent":"HighRisings","position":[-131.132599,-552.510925,940],"isRenderEnabled":false,"rotationMatrix":[0.860847116,0.508862793,0.000956753909,-0.508862197,0.860847592,-0.000846501905,-0.00125437265,0.000241852948,0.999999166],"scale":[1.29562438,1.19666839,1],"shapeName":"/levels/franka/art/shapes/buildings/TheWho.dae"}
{"name":"Purple IP","class":"TSStatic","__parent":"HighRisings","position":[-52.8944092,-455.229431,894.302185],"isRenderEnabled":false,"rotationMatrix":[0.860847116,0.508862793,0.000956753909,-0.508862197,0.860847592,-0.000846501905,-0.00125437265,0.000241852948,0.999999166],"scale":[1.29562438,1.19666839,1],"shapeName":"/levels/franka/art/shapes/buildings/TheWho.dae"}
{"name":"South Sea","class":"TSStatic","__parent":"HighRisings","position":[-36.1855202,-429.483856,933.283508],"isRenderEnabled":false,"rotationMatrix":[0.860847116,0.508862793,0.000956753909,-0.508862197,0.860847592,-0.000846501905,-0.00125437265,0.000241852948,0.999999166],"scale":[1.29562438,1.19666839,1],"shapeName":"/levels/franka/art/shapes/buildings/TheWho.dae"}
{"name":"Venice","class":"TSStatic","__parent":"HighRisings","position":[-3.64354157,-385.375397,892.31488],"isRenderEnabled":false,"rotationMatrix":[0.698407769,0.715699732,0.000702970428,-0.715699017,0.698408127,-0.00106666621,-0.001254373,0.00024185286,0.999999166],"scale":[1.29562438,0.994811416,1],"shapeName":"/levels/franka/art/shapes/buildings/TheWho.dae"}
{"name":"Venice1","class":"TSStatic","__parent":"HighRisings","position":[207.664093,-362.992554,892.574524],"isRenderEnabled":false,"rotationMatrix":[0.698407769,0.715699732,0.000702970428,-0.715699017,0.698408127,-0.00106666621,-0.001254373,0.00024185286,0.999999166],"scale":[0.987260461,0.994811416,1],"shapeName":"/levels/franka/art/shapes/buildings/TheWho.dae"}
{"name":"Venice11","class":"TSStatic","__parent":"HighRisings","position":[224.677429,-345.558014,892.591614],"isRenderEnabled":false,"rotationMatrix":[0.698407769,0.715699732,0.000702970428,-0.715699017,0.698408127,-0.00106666621,-0.001254373,0.00024185286,0.999999166],"scale":[0.986777186,0.994811416,1],"shapeName":"/levels/franka/art/shapes/buildings/TheWho.dae"}
