{"ctxid":1,"pos":[802.940002,-362.2724,973.308105],"rotationMatrix":[-0.13668038,0.99061507,0,-0.99061507,-0.13668038,0,0,0,0.999999881],"scale":1,"type":"generibush_small"}
{"ctxid":1,"pos":[800.83197,-355.447052,973.901306],"rotationMatrix":[0.764074862,0.645127535,0,-0.645127535,0.764074862,0,0,0,0.999999881],"scale":1,"type":"generibush_small"}
{"ctxid":1,"pos":[798.723877,-349.847443,974.310913],"rotationMatrix":[-0.471248895,0.882000148,0,-0.882000148,-0.471248895,0,0,0,0.999999881],"scale":1,"type":"generibush_small"}
{"ctxid":1,"pos":[783.312927,-339.44104,974.374634],"rotationMatrix":[-0.414266437,0.910155535,0,-0.910155535,-0.414266437,0,0,0,0.999999881],"scale":1,"type":"generibush_small"}
{"ctxid":1,"pos":[799.959961,-359.992157,973.532104],"rotationMatrix":[-0.928513825,0.371297657,0,-0.371297657,-0.928513825,0,0,0,0.999999881],"scale":1,"type":"generibush_small"}
{"ctxid":1,"pos":[793.305847,-352.139862,974.064331],"rotationMatrix":[-0.0812393203,-0.996694505,0,0.996694505,-0.0812393203,0,0,0,0.999999881],"scale":1,"type":"generibush_small"}
{"ctxid":1,"pos":[796.995605,-352.594513,974.082397],"rotationMatrix":[0.890744388,0.45450449,0,-0.45450449,0.890744388,0,0,0,0.999999881],"scale":1,"type":"generibush_small"}
{"ctxid":1,"pos":[795.676941,-355.508698,973.872009],"rotationMatrix":[-0.101097979,-0.994876444,0,0.994876444,-0.101097979,0,0,0,0.999999881],"scale":1,"type":"generibush_small"}
{"ctxid":1,"pos":[792.653687,-341.017517,974.567749],"rotationMatrix":[0.97653687,0.215350136,0,-0.215350136,0.97653687,0,0,0,0.999999881],"scale":1,"type":"generibush_small"}
{"ctxid":1,"pos":[782.684326,-336.524933,974.41748],"rotationMatrix":[-0.758675635,0.651468277,0,-0.651468277,-0.758675635,0,0,0,0.999999881],"scale":1,"type":"generibush_small"}
{"ctxid":1,"pos":[792.817078,-344.388275,974.446655],"rotationMatrix":[0.138620928,0.990345478,0,-0.990345478,0.138620928,0,0,0,0.999999881],"scale":1,"type":"generibush_small"}
{"ctxid":1,"pos":[796.335205,-350.490723,974.211548],"rotationMatrix":[-0.835802734,-0.549029887,0,0.549029887,-0.835802734,0,0,0,0.999999881],"scale":1,"type":"generibush_small"}
{"ctxid":1,"pos":[794.471069,-349.48407,974.236206],"rotationMatrix":[-0.0102664484,-0.99994719,0,0.99994719,-0.0102664484,0,0,0,0.999999881],"scale":1,"type":"generibush_small"}
{"ctxid":1,"pos":[777.392761,-333.052124,974.375977],"rotationMatrix":[-0.969892859,-0.243531838,0,0.243531838,-0.969892859,0,0,0,0.999999881],"scale":1,"type":"generibush_small"}
{"ctxid":1,"pos":[785.970337,-337.958618,974.4552],"rotationMatrix":[-0.966637313,0.256148726,0,-0.256148726,-0.966637313,0,0,0,0.999999881],"scale":1,"type":"generibush_small"}
{"ctxid":1,"pos":[788.401123,-343.205475,974.378906],"rotationMatrix":[-0.262572944,0.964912057,0,-0.964912057,-0.262572944,0,0,0,0.999999881],"scale":1,"type":"generibush_small"}
{"ctxid":1,"pos":[774.111328,-327.719421,974.367493],"rotationMatrix":[0.631300211,0.775538504,0,-0.775538504,0.631300211,0,0,0,0.999999881],"scale":1,"type":"generibush_small"}
{"ctxid":1,"pos":[794.45105,-347.22467,974.358521],"rotationMatrix":[-0.902795613,-0.430069894,0,0.430069894,-0.902795613,0,0,0,0.999999881],"scale":1,"type":"generibush_small"}
{"ctxid":1,"pos":[795.806702,-345.356323,974.496521],"rotationMatrix":[-0.842059553,0.539384246,0,-0.539384246,-0.842059553,0,0,0,0.999999881],"scale":1,"type":"generibush_small"}
{"ctxid":1,"pos":[797.1828,-347.202301,974.438416],"rotationMatrix":[0.786131322,0.618059516,0,-0.618059516,0.786131322,0,0,0,0.999999881],"scale":1,"type":"generibush_small"}
{"ctxid":1,"pos":[801.095337,-363.675293,973.217163],"rotationMatrix":[0.63767004,-0.770309508,0,0.770309508,0.63767004,0,0,0,0.999999881],"scale":0.851122737,"type":"generibush_small"}
{"ctxid":1,"pos":[805.900818,-363.147034,973.183228],"rotationMatrix":[-0.0124011114,-0.99992305,0,0.99992305,-0.0124011114,0,0,0,0.999999881],"scale":1.55050385,"type":"generibush_small"}
{"ctxid":1,"pos":[793.214783,-356.867676,973.777832],"rotationMatrix":[0.64294064,-0.765915811,0,0.765915811,0.64294064,0,0,0,0.999999881],"scale":1.63362193,"type":"generibush_small"}
{"ctxid":1,"pos":[790.999756,-352.211456,974.031738],"rotationMatrix":[0.65980643,0.751435578,0,-0.751435578,0.65980643,0,0,0,0.999999881],"scale":0.843266487,"type":"generibush_small"}
{"ctxid":1,"pos":[792.060364,-350.732483,974.125671],"rotationMatrix":[0.793948412,0.607985139,0,-0.607985139,0.793948412,0,0,0,0.999999881],"scale":0.568367362,"type":"generibush_small"}
{"ctxid":1,"pos":[219.244278,-200.792526,946.117676],"rotationMatrix":[-0.999222159,-0.0394319855,0,0.0394319855,-0.999222159,0,0,0,0.999999881],"scale":1.564044,"type":"generibush_small"}
{"ctxid":1,"pos":[220.489059,-195.953308,947.218994],"rotationMatrix":[-0.572838068,0.819668353,0,-0.819668353,-0.572838068,0,0,0,0.999999881],"scale":0.950029612,"type":"generibush_small"}
{"ctxid":1,"pos":[216.624023,-195.536194,948.201904],"rotationMatrix":[-0.335546941,0.942023337,0,-0.942023337,-0.335546941,0,0,0,0.999999881],"scale":1.48311281,"type":"generibush_small"}
{"ctxid":1,"pos":[227.462387,-203.189987,943.438416],"rotationMatrix":[0.732440054,-0.680831492,0,0.680831492,0.732440054,0,0,0,0.999999881],"scale":1.35180283,"type":"generibush_small"}
{"ctxid":1,"pos":[224.200424,-202.933075,944.304016],"rotationMatrix":[-0.483472645,0.875359356,0,-0.875359356,-0.483472645,0,0,0,0.999999881],"scale":1.54536867,"type":"generibush_small"}
{"ctxid":1,"pos":[230.185974,-207.832855,940.919434],"rotationMatrix":[0.99834609,0.0574884973,0,-0.0574884973,0.99834609,0,0,0,0.999999881],"scale":1.07298088,"type":"generibush_small"}
{"ctxid":1,"pos":[232.224884,-211.932388,937.283508],"rotationMatrix":[0.210398823,0.977615654,0,-0.977615654,0.210398823,0,0,0,0.999999881],"scale":1.94494426,"type":"generibush_small"}
{"ctxid":1,"pos":[234.715027,-192.122528,945.048157],"rotationMatrix":[-0.904866874,0.425694495,0,-0.425694495,-0.904866874,0,0,0,0.999999881],"scale":1.12757397,"type":"generibush_small"}
{"ctxid":1,"pos":[232.280304,-204.471512,941.569458],"rotationMatrix":[0.644616902,-0.764505625,0,0.764505625,0.644616902,0,0,0,0.999999881],"scale":0.807527781,"type":"generibush_small"}
{"ctxid":1,"pos":[237.084824,-206.743454,937.574341],"rotationMatrix":[0.88631779,-0.463077158,0,0.463077158,0.88631779,0,0,0,0.999999881],"scale":0.587036729,"type":"generibush_small"}
{"ctxid":1,"pos":[239.954376,-194.363144,942.982056],"rotationMatrix":[-0.810197353,0.586156905,0,-0.586156905,-0.810197353,0,0,0,0.999999881],"scale":1.88481569,"type":"generibush_small"}
{"ctxid":1,"pos":[217.953766,-218.56131,940.863281],"rotationMatrix":[-0.710325897,-0.7038728,0,0.7038728,-0.710325897,0,0,0,0.999999881],"scale":0.548277318,"type":"generibush_small"}
{"ctxid":1,"pos":[214.504959,-222.731461,940.417297],"rotationMatrix":[0.2406625,0.97060883,0,-0.97060883,0.2406625,0,0,0,0.999999881],"scale":1.16786444,"type":"generibush_small"}
{"ctxid":1,"pos":[212.202744,-220.020233,942.103394],"rotationMatrix":[0.106377311,-0.994325757,0,0.994325757,0.106377311,0,0,0,0.999999881],"scale":0.520949662,"type":"generibush_small"}
{"ctxid":1,"pos":[217.696716,-226.757309,936.910645],"rotationMatrix":[-0.149116009,0.988819599,0,-0.988819599,-0.149116009,0,0,0,0.999999881],"scale":1.22103977,"type":"generibush_small"}
{"ctxid":1,"pos":[206.166016,-207.339905,947.586487],"rotationMatrix":[-0.759088278,0.650987566,0,-0.650987566,-0.759088278,0,0,0,0.999999881],"scale":1.0249238,"type":"generibush_small"}
{"ctxid":1,"pos":[213.984375,-208.296204,945.254822],"rotationMatrix":[-0.989142776,-0.146957189,0,0.146957189,-0.989142776,0,0,0,0.999999881],"scale":0.836286187,"type":"generibush_small"}
{"ctxid":1,"pos":[205.377151,-221.738419,943.614136],"rotationMatrix":[-0.644495547,-0.764608026,0,0.764608026,-0.644495547,0,0,0,0.999999881],"scale":1.04371572,"type":"generibush_small"}
{"ctxid":1,"pos":[205.134476,-212.517609,946.478149],"rotationMatrix":[-0.0769547969,0.997034431,0,-0.997034431,-0.0769547969,0,0,0,0.999999881],"scale":1.00791538,"type":"generibush_small"}
{"ctxid":1,"pos":[208.438492,-205.89801,947.381348],"rotationMatrix":[-0.962633312,-0.270807981,0,0.270807981,-0.962633312,0,0,0,0.999999881],"scale":1.19480312,"type":"generibush_small"}
{"ctxid":1,"pos":[213.190796,-217.790726,942.55127],"rotationMatrix":[0.98580724,-0.167880267,0,0.167880267,0.98580724,0,0,0,0.999999881],"scale":0.691286802,"type":"generibush_small"}
{"ctxid":1,"pos":[201.794525,-206.918335,948.776001],"rotationMatrix":[0.78177762,0.62355727,0,-0.62355727,0.78177762,0,0,0,0.999999881],"scale":1.01463795,"type":"generibush_small"}
{"ctxid":1,"pos":[202.513641,-216.904877,945.990845],"rotationMatrix":[-0.805133402,0.593093634,0,-0.593093634,-0.805133402,0,0,0,0.999999881],"scale":1.22410107,"type":"generibush_small"}
{"ctxid":1,"pos":[198.80481,-230.097168,943.011841],"rotationMatrix":[0.76530087,0.643672645,0,-0.643672645,0.76530087,0,0,0,0.999999881],"scale":1.53716326,"type":"generibush_small"}
{"ctxid":1,"pos":[196.516815,-240.457016,940.227661],"rotationMatrix":[-0.983413041,0.181379557,0,-0.181379557,-0.983413041,0,0,0,0.999999881],"scale":1.85809553,"type":"generibush_small"}
{"ctxid":1,"pos":[182.764191,-241.003326,944.394531],"rotationMatrix":[0.818987846,0.573810875,0,-0.573810875,0.818987846,0,0,0,0.999999881],"scale":1.2794528,"type":"generibush_small"}
{"ctxid":1,"pos":[204.573639,-237.555405,938.245361],"rotationMatrix":[-0.38139841,0.924410641,0,-0.924410641,-0.38139841,0,0,0,0.999999881],"scale":1.35904455,"type":"generibush_small"}
{"ctxid":1,"pos":[204.953751,-232.969604,939.89093],"rotationMatrix":[0.99500674,-0.0998066068,0,0.0998066068,0.99500674,0,0,0,0.999999881],"scale":1.40494633,"type":"generibush_small"}
{"ctxid":1,"pos":[191.667709,-231.510651,944.857178],"rotationMatrix":[-0.50281173,0.864395797,0,-0.864395797,-0.50281173,0,0,0,0.999999881],"scale":1.48184991,"type":"generibush_small"}
{"ctxid":1,"pos":[186.323212,-232.519928,945.975586],"rotationMatrix":[0.814481676,0.580189288,0,-0.580189288,0.814481676,0,0,0,0.999999881],"scale":0.811399341,"type":"generibush_small"}
{"ctxid":1,"pos":[189.342087,-230.183853,945.900146],"rotationMatrix":[-0.42296499,0.906145871,0,-0.906145871,-0.42296499,0,0,0,0.999999881],"scale":0.992850602,"type":"generibush_small"}
{"ctxid":1,"pos":[185.05838,-238.588501,944.523193],"rotationMatrix":[0.221153721,-0.97523886,0,0.97523886,0.221153721,0,0,0,0.999999881],"scale":1.37701893,"type":"generibush_small"}
{"ctxid":1,"pos":[198.684113,-242.777802,938.602661],"rotationMatrix":[-0.486964524,0.873421609,0,-0.873421609,-0.486964524,0,0,0,0.999999881],"scale":1.22674417,"type":"generibush_small"}
{"ctxid":1,"pos":[202.87944,-235.853439,939.578735],"rotationMatrix":[0.999937952,0.0111299269,0,-0.0111299269,0.999937952,0,0,0,0.999999881],"scale":1.17424488,"type":"generibush_small"}
{"ctxid":1,"pos":[190.365799,-244.678268,940.919678],"rotationMatrix":[-0.617258132,-0.786760688,0,0.786760688,-0.617258132,0,0,0,0.999999881],"scale":1.09458435,"type":"generibush_small"}
{"ctxid":1,"pos":[187.962051,-240.393799,943.127808],"rotationMatrix":[-0.200430006,0.979707897,0,-0.979707897,-0.200430006,0,0,0,0.999999881],"scale":0.846535325,"type":"generibush_small"}
{"ctxid":1,"pos":[188.333801,-259.267761,936.813171],"rotationMatrix":[-0.987995923,-0.154479608,0,0.154479608,-0.987995923,0,0,0,0.999999881],"scale":1.29533553,"type":"generibush_small"}
{"ctxid":1,"pos":[194.213959,-271.517517,927.931396],"rotationMatrix":[-0.456474185,0.889736533,0,-0.889736533,-0.456474185,0,0,0,0.999999881],"scale":0.744837761,"type":"generibush_small"}
{"ctxid":1,"pos":[179.547821,-253.420288,941.562866],"rotationMatrix":[0.990692556,-0.136118114,0,0.136118114,0.990692556,0,0,0,0.999999881],"scale":1.1176399,"type":"generibush_small"}
{"ctxid":1,"pos":[175.668625,-266.966156,938.827026],"rotationMatrix":[0.736715376,0.676202953,0,-0.676202953,0.736715376,0,0,0,0.999999881],"scale":0.593993068,"type":"generibush_small"}
{"ctxid":1,"pos":[194.632736,-261.288879,932.113037],"rotationMatrix":[0.106639996,0.994297683,0,-0.994297683,0.106639996,0,0,0,0.999999881],"scale":1.04582119,"type":"generibush_small"}
{"ctxid":1,"pos":[180.812012,-258.013458,939.79541],"rotationMatrix":[-0.995686054,-0.0927855968,0,0.0927855968,-0.995686054,0,0,0,0.999999881],"scale":1.29375982,"type":"generibush_small"}
{"ctxid":1,"pos":[184.149048,-256.572815,939.158691],"rotationMatrix":[0.999723494,-0.023511067,0,0.023511067,0.999723494,0,0,0,0.999999881],"scale":0.933616757,"type":"generibush_small"}
{"ctxid":1,"pos":[181.64769,-268.865784,936.233521],"rotationMatrix":[-0.878652036,0.477462441,0,-0.477462441,-0.878652036,0,0,0,0.999999881],"scale":1.74143684,"type":"generibush_small"}
{"ctxid":1,"pos":[171.908432,-268.648499,939.528687],"rotationMatrix":[0.549532354,-0.835472405,0,0.835472405,0.549532354,0,0,0,0.999999881],"scale":0.998187721,"type":"generibush_small"}
{"ctxid":1,"pos":[183.062454,-262.947327,937.581482],"rotationMatrix":[0.0571394227,0.998366177,0,-0.998366177,0.0571394227,0,0,0,0.999999881],"scale":1.41658032,"type":"generibush_small"}
{"ctxid":1,"pos":[192.690384,-258.289368,935.149109],"rotationMatrix":[-0.966009796,-0.258505195,0,0.258505195,-0.966009796,0,0,0,0.999999881],"scale":1.29489183,"type":"generibush_small"}
{"ctxid":1,"pos":[196.820251,-259.671112,931.250488],"rotationMatrix":[0.462370485,-0.886686742,0,0.886686742,0.462370485,0,0,0,0.999999881],"scale":1.36318588,"type":"generibush_small"}
{"ctxid":1,"pos":[198.687408,-266.40921,928.765137],"rotationMatrix":[0.67253691,-0.740063548,0,0.740063548,0.67253691,0,0,0,0.999999881],"scale":1.78757823,"type":"generibush_small"}
{"ctxid":1,"pos":[185.082642,-302.628967,935.35321],"rotationMatrix":[-0.173413157,0.984849036,0,-0.984849036,-0.173413157,0,0,0,0.999999881],"scale":0.749818265,"type":"generibush_small"}
{"ctxid":1,"pos":[166.467468,-295.900024,933.752991],"rotationMatrix":[0.973137617,0.230223864,0,-0.230223864,0.973137617,0,0,0,0.999999881],"scale":1.1825254,"type":"generibush_small"}
{"ctxid":1,"pos":[174.544357,-291.497742,930.602234],"rotationMatrix":[0.324464589,-0.945897758,0,0.945897758,0.324464589,0,0,0,0.999999881],"scale":1.46126997,"type":"generibush_small"}
{"ctxid":1,"pos":[174.935532,-297.150146,928.389526],"rotationMatrix":[-0.787547469,-0.616253793,0,0.616253793,-0.787547469,0,0,0,0.999999881],"scale":0.797010243,"type":"generibush_small"}
{"ctxid":1,"pos":[167.982803,-307.513794,928.096924],"rotationMatrix":[-0.696385562,-0.717667639,0,0.717667639,-0.696385562,0,0,0,0.999999881],"scale":1.51695478,"type":"generibush_small"}
{"ctxid":1,"pos":[173.008102,-295.289154,929.82605],"rotationMatrix":[-0.998282969,0.0585755408,0,-0.0585755408,-0.998282969,0,0,0,0.999999881],"scale":0.777423024,"type":"generibush_small"}
{"ctxid":1,"pos":[177.631363,-292.163635,928.096924],"rotationMatrix":[0.663618565,0.748071134,0,-0.748071134,0.663618565,0,0,0,0.999999881],"scale":0.750050306,"type":"generibush_small"}
{"ctxid":1,"pos":[161.426407,-293.040558,936.628113],"rotationMatrix":[-0.628941715,-0.777452409,0,0.777452409,-0.628941715,0,0,0,0.999999881],"scale":0.599585176,"type":"generibush_small"}
{"ctxid":1,"pos":[179.029984,-305.577057,933.438171],"rotationMatrix":[0.806766927,0.590869844,0,-0.590869844,0.806766927,0,0,0,0.999999881],"scale":1.21970558,"type":"generibush_small"}
{"ctxid":1,"pos":[183.345367,-296.92984,932.792847],"rotationMatrix":[-0.992480934,0.122398801,0,-0.122398801,-0.992480934,0,0,0,0.999999881],"scale":1.58832932,"type":"generibush_small"}
{"ctxid":1,"pos":[181.863113,-289.17627,927.925903],"rotationMatrix":[-0.794971287,0.606646717,0,-0.606646717,-0.794971287,0,0,0,0.999999881],"scale":1.1977365,"type":"generibush_small"}
{"ctxid":1,"pos":[166.356018,-292.989777,934.776978],"rotationMatrix":[-0.825002372,0.565129101,0,-0.565129101,-0.825002372,0,0,0,0.999999881],"scale":0.964363456,"type":"generibush_small"}
{"ctxid":1,"pos":[164.396973,-290.630005,936.207031],"rotationMatrix":[0.24980028,0.968297422,0,-0.968297422,0.24980028,0,0,0,0.999999881],"scale":1.73510373,"type":"generibush_small"}
{"ctxid":1,"pos":[180.365631,-285.282471,929.522827],"rotationMatrix":[0.855421126,0.517933011,0,-0.517933011,0.855421126,0,0,0,0.999999881],"scale":1.16118753,"type":"generibush_small"}
{"ctxid":1,"pos":[165.217316,-307.295959,929.530762],"rotationMatrix":[-0.829390407,-0.558669448,0,0.558669448,-0.829390407,0,0,0,0.999999881],"scale":1.47788727,"type":"generibush_small"}
{"ctxid":1,"pos":[162.54895,-298.400421,934.721191],"rotationMatrix":[0.685400963,0.728165805,0,-0.728165805,0.685400963,0,0,0,0.999999881],"scale":1.00595081,"type":"generibush_small"}
{"ctxid":1,"pos":[161.221054,-324.019653,930.337036],"rotationMatrix":[0.970913947,-0.239428267,0,0.239428267,0.970913947,0,0,0,0.999999881],"scale":1.5329833,"type":"generibush_small"}
{"ctxid":1,"pos":[160.962097,-308.223236,932.036743],"rotationMatrix":[0.703593493,-0.710602522,0,0.710602522,0.703593493,0,0,0,0.999999881],"scale":1.79699647,"type":"generibush_small"}
{"ctxid":1,"pos":[156.40625,-326.372833,928.32373],"rotationMatrix":[-0.985158741,-0.171645567,0,0.171645567,-0.985158741,0,0,0,0.999999881],"scale":1.01463342,"type":"generibush_small"}
{"ctxid":1,"pos":[157.321533,-315.136902,931.384155],"rotationMatrix":[-0.747770131,-0.663957536,0,0.663957536,-0.747770131,0,0,0,0.999999881],"scale":1.84744263,"type":"generibush_small"}
{"ctxid":1,"pos":[158.484619,-311.264008,932.305908],"rotationMatrix":[-0.995847523,-0.0910356566,0,0.0910356566,-0.995847523,0,0,0,0.999999881],"scale":1.0472095,"type":"generibush_small"}
{"ctxid":1,"pos":[155.692154,-316.096924,932.037231],"rotationMatrix":[-0.979275644,-0.202531397,0,0.202531397,-0.979275644,0,0,0,0.999999881],"scale":0.61167568,"type":"generibush_small"}
{"ctxid":1,"pos":[154.741165,-311.428314,934.244141],"rotationMatrix":[0.271185994,0.962526977,0,-0.962526977,0.271185994,0,0,0,0.999999881],"scale":0.80693835,"type":"generibush_small"}
{"ctxid":1,"pos":[173.660843,-324.536163,936.336182],"rotationMatrix":[-0.671621084,0.740894735,0,-0.740894735,-0.671621084,0,0,0,0.999999881],"scale":1.66629016,"type":"generibush_small"}
{"ctxid":1,"pos":[160.779221,-329.864807,932.47229],"rotationMatrix":[0.995598078,0.0937250704,0,-0.0937250704,0.995598078,0,0,0,0.999999881],"scale":1.03492856,"type":"generibush_small"}
{"ctxid":1,"pos":[166.686951,-326.799561,934.30957],"rotationMatrix":[0.99863559,-0.0522181056,0,0.0522181056,0.99863559,0,0,0,0.999999881],"scale":0.985334218,"type":"generibush_small"}
{"ctxid":1,"pos":[166.024796,-311.563507,928.140503],"rotationMatrix":[-0.597905159,-0.80156672,0,0.80156672,-0.597905159,0,0,0,0.999999881],"scale":0.523777723,"type":"generibush_small"}
{"ctxid":1,"pos":[169.831223,-316.872925,932.52002],"rotationMatrix":[-0.288212985,0.957566202,0,-0.957566202,-0.288212985,0,0,0,0.999999881],"scale":1.32285774,"type":"generibush_small"}
{"ctxid":1,"pos":[143.795425,-341.632751,928.967773],"rotationMatrix":[-0.576463759,-0.817122519,0,0.817122519,-0.576463759,0,0,0,0.999999881],"scale":1.85231519,"type":"generibush_small"}
{"ctxid":1,"pos":[140.382599,-328.973175,935.839905],"rotationMatrix":[-0.908475339,-0.417938232,0,0.417938232,-0.908475339,0,0,0,0.999999881],"scale":1.08637786,"type":"generibush_small"}
{"ctxid":1,"pos":[137.714096,-350.489471,929.467896],"rotationMatrix":[0.251795292,0.967780411,0,-0.967780411,0.251795292,0,0,0,0.999999881],"scale":0.608027816,"type":"generibush_small"}
{"ctxid":1,"pos":[154.512878,-337.320862,931.814819],"rotationMatrix":[0.858412564,0.512959838,0,-0.512959838,0.858412564,0,0,0,0.999999881],"scale":1.84220552,"type":"generibush_small"}
{"ctxid":1,"pos":[146.076981,-327.593658,933.254578],"rotationMatrix":[0.900342882,0.435181141,0,-0.435181141,0.900342882,0,0,0,0.999999881],"scale":0.61160624,"type":"generibush_small"}
{"ctxid":1,"pos":[141.447739,-347.171509,928.593384],"rotationMatrix":[0.960827649,-0.27714625,0,0.27714625,0.960827649,0,0,0,0.999999881],"scale":1.6285069,"type":"generibush_small"}
{"ctxid":1,"pos":[134.932892,-334.271088,937.092041],"rotationMatrix":[-0.797576368,0.6032179,0,-0.6032179,-0.797576368,0,0,0,0.999999881],"scale":1.44324362,"type":"generibush_small"}
{"ctxid":1,"pos":[141.25856,-334.725494,933.444458],"rotationMatrix":[-0.56532836,0.824865758,0,-0.824865758,-0.56532836,0,0,0,0.999999881],"scale":1.88441503,"type":"generibush_small"}
{"ctxid":1,"pos":[142.335434,-351.74295,930.129517],"rotationMatrix":[-0.406397521,0.913696229,0,-0.913696229,-0.406397521,0,0,0,0.999999881],"scale":1.29489386,"type":"generibush_small"}
{"ctxid":1,"pos":[152.750488,-333.744629,929.265503],"rotationMatrix":[0.410136074,-0.912024319,0,0.912024319,0.410136074,0,0,0,0.999999881],"scale":1.30689335,"type":"generibush_small"}
{"ctxid":1,"pos":[133.148376,-338.634613,936.750427],"rotationMatrix":[0.999976456,-0.00685302448,0,0.00685302448,0.999976456,0,0,0,0.999999881],"scale":1.63791871,"type":"generibush_small"}
{"ctxid":1,"pos":[141.559555,-343.937775,929.568054],"rotationMatrix":[0.10067796,-0.994919002,0,0.994919002,0.10067796,0,0,0,0.999999881],"scale":0.64140439,"type":"generibush_small"}
{"ctxid":1,"pos":[133.918671,-352.230408,931.129822],"rotationMatrix":[0.809839904,-0.586650789,0,0.586650789,0.809839904,0,0,0,0.999999881],"scale":0.765094221,"type":"generibush_small"}
{"ctxid":1,"pos":[144.582703,-349.789001,930.76709],"rotationMatrix":[0.365839094,-0.93067807,0,0.93067807,0.365839094,0,0,0,0.999999881],"scale":1.66906297,"type":"generibush_small"}
{"ctxid":1,"pos":[141.22139,-339.450165,931.574463],"rotationMatrix":[-0.999929845,-0.0118309194,0,0.0118309194,-0.999929845,0,0,0,0.999999881],"scale":0.771558166,"type":"generibush_small"}
{"ctxid":1,"pos":[137.543442,-358.652313,929.900269],"rotationMatrix":[-0.92290324,-0.385031849,0,0.385031849,-0.92290324,0,0,0,0.999999881],"scale":0.932351828,"type":"generibush_small"}
{"ctxid":1,"pos":[137.662338,-348.370544,930.226807],"rotationMatrix":[-0.563293934,0.826256335,0,-0.826256335,-0.563293934,0,0,0,0.999999881],"scale":0.680734336,"type":"generibush_small"}
{"ctxid":1,"pos":[136.594177,-352.886292,929.099426],"rotationMatrix":[0.943271935,-0.332021028,0,0.332021028,0.943271935,0,0,0,0.999999881],"scale":0.963517904,"type":"generibush_small"}
{"ctxid":1,"pos":[138.954163,-336.766907,934.05835],"rotationMatrix":[-0.324277818,-0.945961893,0,0.945961893,-0.324277818,0,0,0,0.999999881],"scale":0.968147099,"type":"generibush_small"}
{"ctxid":1,"pos":[151.921509,-346.440002,933.713013],"rotationMatrix":[0.929896116,0.367822111,0,-0.367822111,0.929896116,0,0,0,0.999999881],"scale":1.59523129,"type":"generibush_small"}
{"ctxid":1,"pos":[146.101242,-335.65036,929.906067],"rotationMatrix":[-0.133355156,-0.991068184,0,0.991068184,-0.133355156,0,0,0,0.999999881],"scale":1.67466402,"type":"generibush_small"}
{"ctxid":1,"pos":[130.561523,-355.848175,931.992676],"rotationMatrix":[-0.404540241,0.914520085,0,-0.914520085,-0.404540241,0,0,0,0.999999881],"scale":0.881933689,"type":"generibush_small"}
{"ctxid":1,"pos":[133.755737,-346.538391,933.598755],"rotationMatrix":[-0.350111961,-0.936707795,0,0.936707795,-0.350111961,0,0,0,0.999999881],"scale":0.502451956,"type":"generibush_small"}
{"ctxid":1,"pos":[146.144897,-358.018372,934.464661],"rotationMatrix":[0.371633083,-0.928379595,0,0.928379595,0.371633083,0,0,0,0.999999881],"scale":1.30860591,"type":"generibush_small"}
{"ctxid":1,"pos":[147.706024,-356.142792,934.629822],"rotationMatrix":[0.132025972,-0.991246164,0,0.991246164,0.132025972,0,0,0,0.999999881],"scale":1.16796947,"type":"generibush_small"}
{"ctxid":1,"pos":[137.082687,-346.704926,931.3526],"rotationMatrix":[-0.240729257,0.970592201,0,-0.970592201,-0.240729257,0,0,0,0.999999881],"scale":0.540028453,"type":"generibush_small"}
{"ctxid":1,"pos":[195.096878,-303.121796,939.233032],"rotationMatrix":[-0.178337693,-0.983969271,0,0.983969271,-0.178337693,0,0,0,0.999999881],"scale":0.653168619,"type":"generibush_small"}
{"ctxid":1,"pos":[190.411346,-288.801178,933.903687],"rotationMatrix":[-0.85201776,0.523512542,0,-0.523512542,-0.85201776,0,0,0,0.999999881],"scale":1.33077335,"type":"generibush_small"}
{"ctxid":1,"pos":[193.109528,-300.481323,938.034302],"rotationMatrix":[0.647787929,0.761820674,0,-0.761820674,0.647787929,0,0,0,0.999999881],"scale":1.84557319,"type":"generibush_small"}
{"ctxid":1,"pos":[194.695862,-294.942291,937.463623],"rotationMatrix":[-0.775503337,0.631343365,0,-0.631343365,-0.775503337,0,0,0,0.999999881],"scale":1.21212387,"type":"generibush_small"}
{"ctxid":1,"pos":[187.100311,-301.400024,935.889526],"rotationMatrix":[-0.84672606,-0.532029152,0,0.532029152,-0.84672606,0,0,0,0.999999881],"scale":0.562388599,"type":"generibush_small"}
{"ctxid":1,"pos":[198.644348,-292.817963,938.538208],"rotationMatrix":[-0.988556683,-0.150849119,0,0.150849119,-0.988556683,0,0,0,0.999999881],"scale":1.92699254,"type":"generibush_small"}
{"ctxid":1,"pos":[186.986328,-285.249176,929.991699],"rotationMatrix":[0.802546978,-0.59658879,0,0.59658879,0.802546978,0,0,0,0.999999881],"scale":0.988997817,"type":"generibush_small"}
{"ctxid":1,"pos":[199.677383,-290.622314,938.459351],"rotationMatrix":[-0.379777491,-0.925077856,0,0.925077856,-0.379777491,0,0,0,0.999999881],"scale":0.517522991,"type":"generibush_small"}
{"ctxid":1,"pos":[196.417038,-291.189392,937.296204],"rotationMatrix":[-0.214664206,-0.976687849,0,0.976687849,-0.214664206,0,0,0,0.999999881],"scale":1.45678246,"type":"generibush_small"}
{"ctxid":1,"pos":[178.019836,-288.901306,929.355164],"rotationMatrix":[-0.952218831,-0.305416286,0,0.305416286,-0.952218831,0,0,0,0.999999881],"scale":1.39561319,"type":"generibush_small"}
{"ctxid":1,"pos":[190.255066,-283.53772,931.574951],"rotationMatrix":[-0.925210297,0.379454583,0,-0.379454583,-0.925210297,0,0,0,0.999999881],"scale":1.98654938,"type":"generibush_small"}
{"ctxid":1,"pos":[230.227249,-244.976959,938.824402],"rotationMatrix":[-0.0311975777,-0.999513149,0,0.999513149,-0.0311975777,0,0,0,0.999999881],"scale":1.87339139,"type":"generibush_small"}
{"ctxid":1,"pos":[218.166565,-256.876495,937.19751],"rotationMatrix":[0.847176969,-0.531310558,0,0.531310558,0.847176969,0,0,0,0.999999881],"scale":0.541498005,"type":"generibush_small"}
{"ctxid":1,"pos":[226.600616,-241.900192,936.550781],"rotationMatrix":[0.582894921,0.812547565,0,-0.812547565,0.582894921,0,0,0,0.999999881],"scale":1.48465633,"type":"generibush_small"}
{"ctxid":1,"pos":[223.790482,-235.752335,932.20752],"rotationMatrix":[0.109487586,0.993988097,0,-0.993988097,0.109487586,0,0,0,0.999999881],"scale":1.72690332,"type":"generibush_small"}
{"ctxid":1,"pos":[232.455627,-256.598907,943.804932],"rotationMatrix":[-0.253685623,-0.967286706,0,0.967286706,-0.253685623,0,0,0,0.999999881],"scale":1.19149756,"type":"generibush_small"}
{"ctxid":1,"pos":[226.839813,-253.751038,939.989319],"rotationMatrix":[0.0910954848,-0.99584204,0,0.99584204,0.0910954848,0,0,0,0.999999881],"scale":0.64871949,"type":"generibush_small"}
{"ctxid":1,"pos":[222.863327,-250.333832,937.260498],"rotationMatrix":[0.893589199,0.44888556,0,-0.44888556,0.893589199,0,0,0,0.999999881],"scale":0.761333764,"type":"generibush_small"}
{"ctxid":1,"pos":[222.514206,-238.18515,932.449707],"rotationMatrix":[0.862552702,-0.505966961,0,0.505966961,0.862552702,0,0,0,0.999999881],"scale":0.782398999,"type":"generibush_small"}
{"ctxid":1,"pos":[223.453354,-245.757736,936.168457],"rotationMatrix":[0.848312438,-0.529495835,0,0.529495835,0.848312438,0,0,0,0.999999881],"scale":1.51416528,"type":"generibush_small"}
{"ctxid":1,"pos":[209.277405,-249.131638,927.955017],"rotationMatrix":[-0.284220248,-0.95875901,0,0.95875901,-0.284220248,0,0,0,0.999999881],"scale":1.77566624,"type":"generibush_small"}
{"ctxid":1,"pos":[229.767776,-239.395386,937.337219],"rotationMatrix":[-0.353278995,-0.935517967,0,0.935517967,-0.353278995,0,0,0,0.999999881],"scale":1.76329637,"type":"generibush_small"}
{"ctxid":1,"pos":[256.738373,-201.803741,940.144043],"rotationMatrix":[-0.849876106,-0.526982546,0,0.526982546,-0.849876106,0,0,0,0.999999881],"scale":1.5800097,"type":"generibush_small"}
{"ctxid":1,"pos":[242.027679,-204.478561,935.684143],"rotationMatrix":[-0.998124599,0.0612148568,0,-0.0612148568,-0.998124599,0,0,0,0.999999881],"scale":1.89096892,"type":"generibush_small"}
{"ctxid":1,"pos":[244.080078,-206.012939,934.385071],"rotationMatrix":[0.964617193,-0.263653934,0,0.263653934,0.964617193,0,0,0,0.999999881],"scale":1.20450163,"type":"generibush_small"}
{"ctxid":1,"pos":[249.800751,-210.670609,939.171265],"rotationMatrix":[-0.565180838,0.824966848,0,-0.824966848,-0.565180838,0,0,0,0.999999881],"scale":0.74617523,"type":"generibush_small"}
{"ctxid":1,"pos":[249.293335,-198.55719,936.679932],"rotationMatrix":[-0.230038241,0.973181427,0,-0.973181427,-0.230038241,0,0,0,0.999999881],"scale":1.75074911,"type":"generibush_small"}
{"ctxid":1,"pos":[256.15448,-215.27417,941.62738],"rotationMatrix":[-0.0780957639,0.996945679,0,-0.996945679,-0.0780957639,0,0,0,0.999999881],"scale":0.627039194,"type":"generibush_small"}
{"ctxid":1,"pos":[253.789917,-196.634125,937.878906],"rotationMatrix":[0.414357483,0.910114229,0,-0.910114229,0.414357483,0,0,0,0.999999881],"scale":1.3072542,"type":"generibush_small"}
{"ctxid":1,"pos":[241.090759,-215.275757,936.264771],"rotationMatrix":[-0.647508621,-0.76205796,0,0.76205796,-0.647508621,0,0,0,0.999999881],"scale":1.71117997,"type":"generibush_small"}
{"ctxid":1,"pos":[264.829681,-207.175171,942.684265],"rotationMatrix":[-0.676329076,0.736599505,0,-0.736599505,-0.676329076,0,0,0,0.999999881],"scale":0.791238487,"type":"generibush_small"}
{"ctxid":1,"pos":[261.069122,-215.20488,943.101196],"rotationMatrix":[-0.29775086,-0.954643548,0,0.954643548,-0.29775086,0,0,0,0.999999881],"scale":1.06116986,"type":"generibush_small"}
{"ctxid":1,"pos":[258.638397,-216.123672,942.51001],"rotationMatrix":[-0.970260441,0.24206312,0,-0.24206312,-0.970260441,0,0,0,0.999999881],"scale":0.842210472,"type":"generibush_small"}
{"ctxid":1,"pos":[248.076965,-202.264969,935.419373],"rotationMatrix":[-0.977377474,-0.211501837,0,0.211501837,-0.977377474,0,0,0,0.999999881],"scale":1.67965639,"type":"generibush_small"}
{"ctxid":1,"pos":[244.227966,-212.212372,936.926208],"rotationMatrix":[0.803106606,0.595835388,0,-0.595835388,0.803106606,0,0,0,0.999999881],"scale":1.50699174,"type":"generibush_small"}
{"ctxid":1,"pos":[245.930481,-214.073608,938.444946],"rotationMatrix":[0.413224488,0.910629213,0,-0.910629213,0.413224488,0,0,0,0.999999881],"scale":0.714845419,"type":"generibush_small"}
{"ctxid":1,"pos":[248.38501,-204.967438,936.736206],"rotationMatrix":[0.792313337,-0.610114276,0,0.610114276,0.792313337,0,0,0,0.999999881],"scale":1.26507449,"type":"generibush_small"}
{"ctxid":1,"pos":[253.569534,-204.660675,939.421509],"rotationMatrix":[0.912914455,-0.408150703,0,0.408150703,0.912914455,0,0,0,0.999999881],"scale":0.881568074,"type":"generibush_small"}
{"ctxid":1,"pos":[244.398666,-203.722427,934.508911],"rotationMatrix":[0.192617789,-0.98127377,0,0.98127377,0.192617789,0,0,0,0.999999881],"scale":1.0381496,"type":"generibush_small"}
{"ctxid":1,"pos":[255.668167,-217.335205,941.848755],"rotationMatrix":[-0.0354199819,0.999372423,0,-0.999372423,-0.0354199819,0,0,0,0.999999881],"scale":0.942784786,"type":"generibush_small"}
{"ctxid":1,"pos":[253.865921,-211.658737,940.539429],"rotationMatrix":[0.73146975,-0.681873679,0,0.681873679,0.73146975,0,0,0,0.999999881],"scale":1.12580645,"type":"generibush_small"}
{"ctxid":1,"pos":[233.786346,-205.028305,940.701599],"rotationMatrix":[0.881662488,0.471880466,0,-0.471880466,0.881662488,0,0,0,0.999999881],"scale":0.553041697,"type":"generibush_small"}
{"ctxid":1,"pos":[236.324448,-219.243408,934.36322],"rotationMatrix":[0.247780174,0.96881628,0,-0.96881628,0.247780174,0,0,0,0.999999881],"scale":1.99126554,"type":"generibush_small"}
{"ctxid":1,"pos":[245.797073,-220.83226,939.705933],"rotationMatrix":[-0.519397438,-0.854532778,0,0.854532778,-0.519397438,0,0,0,0.999999881],"scale":1.09759688,"type":"generibush_small"}
{"ctxid":1,"pos":[241.458954,-219.552628,937.874634],"rotationMatrix":[-0.492105812,0.870535254,0,-0.870535254,-0.492105812,0,0,0,0.999999881],"scale":1.86174047,"type":"generibush_small"}
{"ctxid":1,"pos":[243.235916,-202.03949,936.726562],"rotationMatrix":[-0.753319323,-0.657654762,0,0.657654762,-0.753319323,0,0,0,0.999999881],"scale":0.834739804,"type":"generibush_small"}
{"ctxid":1,"pos":[237.01236,-221.341583,935.845703],"rotationMatrix":[0.920038223,0.391828537,0,-0.391828537,0.920038223,0,0,0,0.999999881],"scale":0.565266013,"type":"generibush_small"}
{"ctxid":1,"pos":[252.199493,-219.390656,941.229492],"rotationMatrix":[-0.992435038,-0.122770585,0,0.122770585,-0.992435038,0,0,0,0.999999881],"scale":0.621230781,"type":"generibush_small"}
{"ctxid":1,"pos":[231.941574,-214.04808,935.613037],"rotationMatrix":[-0.979395688,-0.201950699,0,0.201950699,-0.979395688,0,0,0,0.999999881],"scale":0.563043654,"type":"generibush_small"}
{"ctxid":1,"pos":[255.740494,-205.619904,940.282349],"rotationMatrix":[0.351629108,0.936139405,0,-0.936139405,0.351629108,0,0,0,0.999999881],"scale":0.505725443,"type":"generibush_small"}
{"ctxid":1,"pos":[206.90686,-262.124512,932.980896],"rotationMatrix":[0.904560566,-0.426344931,0,0.426344931,0.904560566,0,0,0,0.999999881],"scale":0.908366203,"type":"generibush_small"}
{"ctxid":1,"pos":[207.939392,-268.439117,936.151733],"rotationMatrix":[0.886310279,-0.463091552,0,0.463091552,0.886310279,0,0,0,0.999999881],"scale":1.1984899,"type":"generibush_small"}
{"ctxid":1,"pos":[192.323608,-250.88443,938.149841],"rotationMatrix":[-0.392543942,0.919733107,0,-0.919733107,-0.392543942,0,0,0,0.999999881],"scale":0.584820271,"type":"generibush_small"}
{"ctxid":1,"pos":[209.297882,-256.168365,931.567017],"rotationMatrix":[0.296843112,-0.954926193,0,0.954926193,0.296843112,0,0,0,0.999999881],"scale":1.88346469,"type":"generibush_small"}
{"ctxid":1,"pos":[205.804504,-253.386658,927.819275],"rotationMatrix":[-0.701942146,-0.712233961,0,0.712233961,-0.701942146,0,0,0,0.999999881],"scale":1.56260848,"type":"generibush_small"}
{"ctxid":1,"pos":[205.111618,-250.757385,929.866882],"rotationMatrix":[0.798342049,-0.602204084,0,0.602204084,0.798342049,0,0,0,0.999999881],"scale":0.833549976,"type":"generibush_small"}
{"ctxid":1,"pos":[204.71312,-256.380188,928.036499],"rotationMatrix":[0.952753961,0.303743005,0,-0.303743005,0.952753961,0,0,0,0.999999881],"scale":0.796580553,"type":"generibush_small"}
{"ctxid":1,"pos":[208.785965,-264.096375,935.059143],"rotationMatrix":[-0.560769379,-0.827971876,0,0.827971876,-0.560769379,0,0,0,0.999999881],"scale":0.754347742,"type":"generibush_small"}
{"ctxid":1,"pos":[190.538635,-263.070129,934.17041],"rotationMatrix":[0.567287385,-0.823519886,0,0.823519886,0.567287385,0,0,0,0.999999881],"scale":1.05709457,"type":"generibush_small"}
{"ctxid":1,"pos":[211.893204,-260.63504,935.44928],"rotationMatrix":[-0.386264771,-0.922387898,0,0.922387898,-0.386264771,0,0,0,0.999999881],"scale":1.09126556,"type":"generibush_small"}
{"ctxid":1,"pos":[207.443481,-259.172577,931.816406],"rotationMatrix":[-0.655604362,-0.755104423,0,0.755104423,-0.655604362,0,0,0,0.999999881],"scale":1.21214092,"type":"generibush_small"}
{"ctxid":1,"pos":[209.260193,-245.675598,929.820312],"rotationMatrix":[-0.720594645,-0.693356574,0,0.693356574,-0.720594645,0,0,0,0.999999881],"scale":1.63891041,"type":"generibush_small"}
{"ctxid":1,"pos":[211.404144,-248.256439,928.665039],"rotationMatrix":[-0.989792645,0.142514512,0,-0.142514512,-0.989792645,0,0,0,0.999999881],"scale":0.650791287,"type":"generibush_small"}
{"ctxid":1,"pos":[203.467621,-245.555573,934.942871],"rotationMatrix":[0.426236421,-0.904611647,0,0.904611647,0.426236421,0,0,0,0.999999881],"scale":1.60931683,"type":"generibush_small"}
{"ctxid":1,"pos":[213.539032,-263.224976,937.11322],"rotationMatrix":[-0.164080411,0.986446857,0,-0.986446857,-0.164080411,0,0,0,0.999999881],"scale":1.94327497,"type":"generibush_small"}
{"ctxid":1,"pos":[180.042938,-307.514862,934.468018],"rotationMatrix":[-0.987955987,-0.154734954,0,0.154734954,-0.987955987,0,0,0,0.999999881],"scale":0.638923883,"type":"generibush_small"}
{"ctxid":1,"pos":[166.081665,-300.457428,932.147217],"rotationMatrix":[-0.160750642,0.986994922,0,-0.986994922,-0.160750642,0,0,0,0.999999881],"scale":1.97550237,"type":"generibush_small"}
{"ctxid":1,"pos":[173.703857,-289.411713,932.307251],"rotationMatrix":[-0.796437621,0.604720592,0,-0.604720592,-0.796437621,0,0,0,0.999999881],"scale":1.02777803,"type":"generibush_small"}
{"ctxid":1,"pos":[179.660919,-297.02713,930.428162],"rotationMatrix":[-0.189581722,-0.98186487,0,0.98186487,-0.189581722,0,0,0,0.999999881],"scale":0.596247792,"type":"generibush_small"}
{"ctxid":1,"pos":[170.788834,-289.386292,933.970093],"rotationMatrix":[0.6435799,-0.765378714,0,0.765378714,0.6435799,0,0,0,0.999999881],"scale":0.571426868,"type":"generibush_small"}
{"ctxid":1,"pos":[187.261078,-293.325989,933.718994],"rotationMatrix":[0.999754965,0.0221318435,0,-0.0221318435,0.999754965,0,0,0,0.999999881],"scale":0.57896775,"type":"generibush_small"}
{"ctxid":1,"pos":[174.727264,-309.552368,932.535706],"rotationMatrix":[-0.132815227,-0.991140723,0,0.991140723,-0.132815227,0,0,0,0.999999881],"scale":0.597434998,"type":"generibush_small"}
{"ctxid":1,"pos":[169.801498,-294.005585,932.698914],"rotationMatrix":[0.929117262,0.36978516,0,-0.36978516,0.929117262,0,0,0,0.999999881],"scale":1.00310445,"type":"generibush_small"}
{"ctxid":1,"pos":[177.41568,-296.340942,928.612183],"rotationMatrix":[-0.995954037,0.0898635834,0,-0.0898635834,-0.995954037,0,0,0,0.999999881],"scale":0.801010132,"type":"generibush_small"}
{"ctxid":1,"pos":[169.961151,-305.911865,928.071655],"rotationMatrix":[-0.80436945,0.594129324,0,-0.594129324,-0.80436945,0,0,0,0.999999881],"scale":0.811276674,"type":"generibush_small"}
