{"ctxid":1,"pos":[791.273987,-345.674286,974.354553],"rotationMatrix":[-0.0459192991,0.998945057,0,-0.998945057,-0.0459192991,0,0,0,0.999999881],"scale":1,"type":"generibush"}
{"ctxid":1,"pos":[792.567322,-348.226013,974.265381],"rotationMatrix":[-0.123556979,0.992337406,0,-0.992337406,-0.123556979,0,0,0,0.999999881],"scale":1,"type":"generibush"}
{"ctxid":1,"pos":[804.061462,-356.935059,973.775696],"rotationMatrix":[-0.849148571,0.528153718,0,-0.528153718,-0.849148571,0,0,0,0.999999881],"scale":1,"type":"generibush"}
{"ctxid":1,"pos":[805.936279,-358.466461,973.627808],"rotationMatrix":[-0.998613,0.0526488312,0,-0.0526488312,-0.998613,0,0,0,0.999999881],"scale":1,"type":"generibush"}
{"ctxid":1,"pos":[799.719788,-357.294373,973.749268],"rotationMatrix":[-0.261504859,0.965202034,0,-0.965202034,-0.261504859,0,0,0,0.999999881],"scale":1,"type":"generibush"}
{"ctxid":1,"pos":[803.848145,-359.649841,973.531128],"rotationMatrix":[0.123018816,0.992404282,0,-0.992404282,0.123018816,0,0,0,0.999999881],"scale":1,"type":"generibush"}
{"ctxid":1,"pos":[790.70636,-349.283905,974.178589],"rotationMatrix":[0.393598944,-0.919282138,0,0.919282138,0.393598944,0,0,0,0.999999881],"scale":1,"type":"generibush"}
{"ctxid":1,"pos":[780.162476,-330.464111,974.445068],"rotationMatrix":[-0.584230542,-0.811587751,0,0.811587751,-0.584230542,0,0,0,0.999999881],"scale":1,"type":"generibush"}
{"ctxid":1,"pos":[802.350525,-353.19278,974.118286],"rotationMatrix":[-0.925302505,0.379229784,0,-0.379229784,-0.925302505,0,0,0,0.999999881],"scale":1,"type":"generibush"}
{"ctxid":1,"pos":[799.255737,-353.884949,974.014648],"rotationMatrix":[-0.465470761,-0.885063231,0,0.885063231,-0.465470761,0,0,0,0.999999881],"scale":1,"type":"generibush"}
{"ctxid":1,"pos":[785.519104,-340.94635,974.382019],"rotationMatrix":[0.269516736,-0.962995589,0,0.962995589,0.269516736,0,0,0,0.999999881],"scale":1,"type":"generibush"}
{"ctxid":1,"pos":[790.462341,-343.523529,974.417236],"rotationMatrix":[-0.315461695,0.948938191,0,-0.948938191,-0.315461695,0,0,0,0.999999881],"scale":1,"type":"generibush"}
{"ctxid":1,"pos":[786.155334,-345.362061,974.257446],"rotationMatrix":[0.685253024,0.728305042,0,-0.728305042,0.685253024,0,0,0,0.999999881],"scale":1,"type":"generibush"}
{"ctxid":1,"pos":[780.861267,-334.439178,974.414917],"rotationMatrix":[0.644402862,0.764686167,0,-0.764686167,0.644402862,0,0,0,0.999999881],"scale":1,"type":"generibush"}
{"ctxid":1,"pos":[794.332153,-342.71637,974.566711],"rotationMatrix":[-0.977759719,-0.20972769,0,0.20972769,-0.977759719,0,0,0,0.999999881],"scale":1,"type":"generibush"}
{"ctxid":1,"pos":[801.690186,-350.175079,974.377319],"rotationMatrix":[-0.959083676,-0.283122689,0,0.283122689,-0.959083676,0,0,0,0.999999881],"scale":1,"type":"generibush"}
{"ctxid":1,"pos":[800.669434,-351.928009,974.195862],"rotationMatrix":[0.951424658,0.307881594,0,-0.307881594,0.951424658,0,0,0,0.999999881],"scale":1,"type":"generibush"}
{"ctxid":1,"pos":[796.341125,-358.791077,973.645996],"rotationMatrix":[0.407308221,0.913290799,0,-0.913290799,0.407308221,0,0,0,0.999999881],"scale":1,"type":"generibush"}
{"ctxid":1,"pos":[223.748749,-206.21167,943.425049],"rotationMatrix":[0.126777589,-0.99193114,0,0.99193114,0.126777589,0,0,0,0.999999881],"scale":1.48695171,"type":"generibush"}
{"ctxid":1,"pos":[228.820663,-194.487244,945.725342],"rotationMatrix":[-0.951567709,0.307438791,0,-0.307438791,-0.951567709,0,0,0,0.999999881],"scale":1.21686554,"type":"generibush"}
{"ctxid":1,"pos":[226.294113,-210.317627,941.297241],"rotationMatrix":[0.74008435,-0.672513902,0,0.672513902,0.74008435,0,0,0,0.999999881],"scale":0.98672241,"type":"generibush"}
{"ctxid":1,"pos":[235.695633,-202.985733,940.836426],"rotationMatrix":[-0.154582694,0.98797971,0,-0.98797971,-0.154582694,0,0,0,0.999999881],"scale":1.02587342,"type":"generibush"}
{"ctxid":1,"pos":[229.696808,-197.162872,944.72583],"rotationMatrix":[0.667432368,0.744670391,0,-0.744670391,0.667432368,0,0,0,0.999999881],"scale":1.41050899,"type":"generibush"}
{"ctxid":1,"pos":[227.437653,-198.694244,944.799438],"rotationMatrix":[0.983960807,0.178384587,0,-0.178384587,0.983960807,0,0,0,0.999999881],"scale":0.891226888,"type":"generibush"}
{"ctxid":1,"pos":[215.240616,-206.498138,945.454468],"rotationMatrix":[0.906228483,0.422788262,0,-0.422788262,0.906228483,0,0,0,0.999999881],"scale":1.08864319,"type":"generibush"}
{"ctxid":1,"pos":[222.036026,-207.846115,943.347229],"rotationMatrix":[-0.992855966,-0.119317874,0,0.119317874,-0.992855966,0,0,0,0.999999881],"scale":1.32763183,"type":"generibush"}
{"ctxid":1,"pos":[230.901184,-199.109253,943.849731],"rotationMatrix":[-0.952746809,0.303765506,0,-0.303765506,-0.952746809,0,0,0,0.999999881],"scale":1.19033611,"type":"generibush"}
{"ctxid":1,"pos":[239.197601,-201.459366,939.886658],"rotationMatrix":[0.93741858,0.348204434,0,-0.348204434,0.93741858,0,0,0,0.999999881],"scale":1.35428667,"type":"generibush"}
{"ctxid":1,"pos":[229.748001,-204.861694,942.262451],"rotationMatrix":[0.919141352,-0.393927604,0,0.393927604,0.919141352,0,0,0,0.999999881],"scale":1.31886947,"type":"generibush"}
{"ctxid":1,"pos":[236.066803,-208.60524,936.858093],"rotationMatrix":[0.669464529,-0.742843926,0,0.742843926,0.669464529,0,0,0,0.999999881],"scale":1.05077171,"type":"generibush"}
{"ctxid":1,"pos":[232.65564,-196.25798,944.294678],"rotationMatrix":[-0.999604881,0.0281033125,0,-0.0281033125,-0.999604881,0,0,0,0.999999881],"scale":1.33266795,"type":"generibush"}
{"ctxid":1,"pos":[204.6978,-215.769791,945.675171],"rotationMatrix":[-0.954532444,0.298106611,0,-0.298106611,-0.954532444,0,0,0,0.999999881],"scale":0.94159925,"type":"generibush"}
{"ctxid":1,"pos":[215.72905,-229.55455,936.400024],"rotationMatrix":[-0.49669081,0.867927372,0,-0.867927372,-0.49669081,0,0,0,0.999999881],"scale":0.984932303,"type":"generibush"}
{"ctxid":1,"pos":[196.420837,-222.543732,946.157471],"rotationMatrix":[-0.693676472,0.720286429,0,-0.720286429,-0.693676472,0,0,0,0.999999881],"scale":1.29527462,"type":"generibush"}
{"ctxid":1,"pos":[207.673218,-215.926117,944.742371],"rotationMatrix":[0.0708207637,0.997488976,0,-0.997488976,0.0708207637,0,0,0,0.999999881],"scale":1.46630478,"type":"generibush"}
{"ctxid":1,"pos":[209.56929,-212.432831,945.243286],"rotationMatrix":[0.279217094,0.960228026,0,-0.960228026,0.279217094,0,0,0,0.999999881],"scale":1.37991667,"type":"generibush"}
{"ctxid":1,"pos":[195.72493,-214.811096,948.371338],"rotationMatrix":[-0.972224474,0.234049872,0,-0.234049872,-0.972224474,0,0,0,0.999999881],"scale":0.878816009,"type":"generibush"}
{"ctxid":1,"pos":[201.806625,-227.756714,942.78717],"rotationMatrix":[0.93434757,0.356363088,0,-0.356363088,0.93434757,0,0,0,0.999999881],"scale":1.13991809,"type":"generibush"}
{"ctxid":1,"pos":[217.96759,-210.190964,943.653076],"rotationMatrix":[0.569458127,0.822020352,0,-0.822020352,0.569458127,0,0,0,0.999999881],"scale":0.880953491,"type":"generibush"}
{"ctxid":1,"pos":[206.058136,-228.458969,941.13208],"rotationMatrix":[0.984072924,-0.17776452,0,0.17776452,0.984072924,0,0,0,0.999999881],"scale":1.24665701,"type":"generibush"}
{"ctxid":1,"pos":[205.606873,-224.846527,942.516235],"rotationMatrix":[-0.289536417,-0.957166851,0,0.957166851,-0.289536417,0,0,0,0.999999881],"scale":0.974032223,"type":"generibush"}
{"ctxid":1,"pos":[220.80899,-222.845963,937.436523],"rotationMatrix":[-0.973520577,-0.228599295,0,0.228599295,-0.973520577,0,0,0,0.999999881],"scale":1.3210057,"type":"generibush"}
{"ctxid":1,"pos":[198.924866,-221.316254,945.774902],"rotationMatrix":[0.997784913,0.0665214211,0,-0.0665214211,0.997784913,0,0,0,0.999999881],"scale":1.07946897,"type":"generibush"}
{"ctxid":1,"pos":[211.482117,-207.799744,946.064087],"rotationMatrix":[0.990285456,-0.139048666,0,0.139048666,0.990285456,0,0,0,0.999999881],"scale":0.906211078,"type":"generibush"}
{"ctxid":1,"pos":[201.575256,-224.190781,944.044861],"rotationMatrix":[0.562134922,0.8270455,0,-0.8270455,0.562134922,0,0,0,0.999999881],"scale":1.18244421,"type":"generibush"}
{"ctxid":1,"pos":[219.317871,-224.271881,937.463562],"rotationMatrix":[-0.085723266,0.996318877,0,-0.996318877,-0.085723266,0,0,0,0.999999881],"scale":0.971759617,"type":"generibush"}
{"ctxid":1,"pos":[195.504791,-218.598846,947.483276],"rotationMatrix":[0.942627668,-0.333845586,0,0.333845586,0.942627668,0,0,0,0.999999881],"scale":1.26681423,"type":"generibush"}
{"ctxid":1,"pos":[212.621735,-206.206711,946.217773],"rotationMatrix":[0.469591767,0.882883728,0,-0.882883728,0.469591767,0,0,0,0.999999881],"scale":0.893108368,"type":"generibush"}
{"ctxid":1,"pos":[195.820251,-243.598465,939.381958],"rotationMatrix":[0.442543298,0.896747172,0,-0.896747172,0.442543298,0,0,0,0.999999881],"scale":1.14804721,"type":"generibush"}
{"ctxid":1,"pos":[192.406769,-242.190338,941.065674],"rotationMatrix":[0.718772888,-0.695244849,0,0.695244849,0.718772888,0,0,0,0.999999881],"scale":1.00825703,"type":"generibush"}
{"ctxid":1,"pos":[200.043411,-245.142456,937.090027],"rotationMatrix":[-0.102181911,-0.994765699,0,0.994765699,-0.102181911,0,0,0,0.999999881],"scale":1.32632113,"type":"generibush"}
{"ctxid":1,"pos":[189.205093,-236.569809,943.987183],"rotationMatrix":[-0.559742808,-0.82866621,0,0.82866621,-0.559742808,0,0,0,0.999999881],"scale":1.12222838,"type":"generibush"}
{"ctxid":1,"pos":[191.04483,-228.06752,946.065552],"rotationMatrix":[-0.757618725,-0.652697146,0,0.652697146,-0.757618725,0,0,0,0.999999881],"scale":1.47394252,"type":"generibush"}
{"ctxid":1,"pos":[184.345901,-229.16748,947.272766],"rotationMatrix":[-0.998220325,-0.0596321002,0,0.0596321002,-0.998220325,0,0,0,0.999999881],"scale":0.829736948,"type":"generibush"}
{"ctxid":1,"pos":[195.471725,-249.249542,937.489136],"rotationMatrix":[-0.958058894,0.286571085,0,-0.286571085,-0.958058894,0,0,0,0.999999881],"scale":0.870087981,"type":"generibush"}
{"ctxid":1,"pos":[190.030624,-249.909348,939.296997],"rotationMatrix":[0.99225539,0.124214202,0,-0.124214202,0.99225539,0,0,0,0.999999881],"scale":0.993854284,"type":"generibush"}
{"ctxid":1,"pos":[186.950668,-242.701447,942.688538],"rotationMatrix":[0.962728202,0.2704705,0,-0.2704705,0.962728202,0,0,0,0.999999881],"scale":1.31285667,"type":"generibush"}
{"ctxid":1,"pos":[197.189178,-252.155533,935.441772],"rotationMatrix":[-0.819856822,-0.572568655,0,0.572568655,-0.819856822,0,0,0,0.999999881],"scale":1.48896098,"type":"generibush"}
{"ctxid":1,"pos":[192.309509,-252.768845,937.500977],"rotationMatrix":[-0.957485497,-0.288481086,0,0.288481086,-0.957485497,0,0,0,0.999999881],"scale":1.3633709,"type":"generibush"}
{"ctxid":1,"pos":[205.757751,-244.211288,934.095276],"rotationMatrix":[0.0989286602,0.995094478,0,-0.995094478,0.0989286602,0,0,0,0.999999881],"scale":1.35077715,"type":"generibush"}
{"ctxid":1,"pos":[177.202652,-272.548126,936.738647],"rotationMatrix":[0.830589414,-0.556885064,0,0.556885064,0.830589414,0,0,0,0.999999881],"scale":1.17096102,"type":"generibush"}
{"ctxid":1,"pos":[190.111481,-257.950317,936.543823],"rotationMatrix":[-0.861657023,-0.507491052,0,0.507491052,-0.861657023,0,0,0,0.999999881],"scale":0.841743469,"type":"generibush"}
{"ctxid":1,"pos":[195.414429,-255.381805,934.9375],"rotationMatrix":[0.998612583,-0.0526555069,0,0.0526555069,0.998612583,0,0,0,0.999999881],"scale":1.22518837,"type":"generibush"}
{"ctxid":1,"pos":[192.349609,-273.732391,927.83783],"rotationMatrix":[0.991216481,0.132248268,0,-0.132248268,0.991216481,0,0,0,0.999999881],"scale":1.00575542,"type":"generibush"}
{"ctxid":1,"pos":[178.47229,-269.852844,937.090698],"rotationMatrix":[0.0905109495,0.995895386,0,-0.995895386,0.0905109495,0,0,0,0.999999881],"scale":1.03479099,"type":"generibush"}
{"ctxid":1,"pos":[185.592178,-277.730713,929.540771],"rotationMatrix":[-0.658903837,0.752226949,0,-0.752226949,-0.658903837,0,0,0,0.999999881],"scale":1.24765301,"type":"generibush"}
{"ctxid":1,"pos":[173.14946,-270.515289,938.638794],"rotationMatrix":[0.00966215134,-0.99995327,0,0.99995327,0.00966215134,0,0,0,0.999999881],"scale":1.22492468,"type":"generibush"}
{"ctxid":1,"pos":[195.220032,-274.454834,930.511719],"rotationMatrix":[0.597452402,-0.801904261,0,0.801904261,0.597452402,0,0,0,0.999999881],"scale":0.946878493,"type":"generibush"}
{"ctxid":1,"pos":[187.790466,-263.084503,935.656677],"rotationMatrix":[0.988971353,-0.148106545,0,0.148106545,0.988971353,0,0,0,0.999999881],"scale":1.35055256,"type":"generibush"}
{"ctxid":1,"pos":[177.413376,-258.987457,940.559082],"rotationMatrix":[-0.98373574,-0.179621309,0,0.179621309,-0.98373574,0,0,0,0.999999881],"scale":1.48207092,"type":"generibush"}
{"ctxid":1,"pos":[193.122086,-254.60997,936.472961],"rotationMatrix":[0.308668494,0.95116967,0,-0.95116967,0.308668494,0,0,0,0.999999881],"scale":0.977590442,"type":"generibush"}
{"ctxid":1,"pos":[181.194153,-275.387146,934.035522],"rotationMatrix":[-0.831953108,0.554845631,0,-0.554845631,-0.831953108,0,0,0,0.999999881],"scale":1.42257643,"type":"generibush"}
{"ctxid":1,"pos":[185.056427,-266.29599,935.702026],"rotationMatrix":[-0.988902748,0.148563877,0,-0.148563877,-0.988902748,0,0,0,0.999999881],"scale":0.806532621,"type":"generibush"}
{"ctxid":1,"pos":[193.068024,-267.238831,929.665527],"rotationMatrix":[0.968938172,0.247303054,0,-0.247303054,0.968938172,0,0,0,0.999999881],"scale":1.37339807,"type":"generibush"}
{"ctxid":1,"pos":[187.59758,-257.152283,937.800537],"rotationMatrix":[0.325570583,0.945517719,0,-0.945517719,0.325570583,0,0,0,0.999999881],"scale":1.1690433,"type":"generibush"}
{"ctxid":1,"pos":[175.796997,-294.572906,928.389954],"rotationMatrix":[-0.643742383,0.76524204,0,-0.76524204,-0.643742383,0,0,0,0.999999881],"scale":1.44401181,"type":"generibush"}
{"ctxid":1,"pos":[168.260559,-287.416199,935.679443],"rotationMatrix":[0.903839052,-0.42787239,0,0.42787239,0.903839052,0,0,0,0.999999881],"scale":1.11227095,"type":"generibush"}
{"ctxid":1,"pos":[179.778641,-295.011688,929.518433],"rotationMatrix":[0.754871786,-0.655872285,0,0.655872285,0.754871786,0,0,0,0.999999881],"scale":1.05141521,"type":"generibush"}
{"ctxid":1,"pos":[181.03833,-291.279877,928.728821],"rotationMatrix":[-0.184333414,0.982863605,0,-0.982863605,-0.184333414,0,0,0,0.999999881],"scale":0.92199111,"type":"generibush"}
{"ctxid":1,"pos":[163.740234,-296.503693,934.794678],"rotationMatrix":[-0.917231977,-0.398353219,0,0.398353219,-0.917231977,0,0,0,0.999999881],"scale":0.911279082,"type":"generibush"}
{"ctxid":1,"pos":[171.913742,-292.302338,932.145752],"rotationMatrix":[-0.382714659,0.923866451,0,-0.923866451,-0.382714659,0,0,0,0.999999881],"scale":1.00763941,"type":"generibush"}
{"ctxid":1,"pos":[182.466782,-307.262024,935.414551],"rotationMatrix":[-0.213018745,-0.977048039,0,0.977048039,-0.213018745,0,0,0,0.999999881],"scale":0.874116778,"type":"generibush"}
{"ctxid":1,"pos":[166.961243,-284.998749,936.803345],"rotationMatrix":[0.141534016,0.989933312,0,-0.989933312,0.141534016,0,0,0,0.999999881],"scale":0.839409292,"type":"generibush"}
{"ctxid":1,"pos":[177.17691,-286.12616,931.480164],"rotationMatrix":[0.280249864,-0.959927022,0,0.959927022,0.280249864,0,0,0,0.999999881],"scale":1.14619172,"type":"generibush"}
{"ctxid":1,"pos":[172.379181,-309.593048,931.200439],"rotationMatrix":[-0.217294246,0.976106048,0,-0.976106048,-0.217294246,0,0,0,0.999999881],"scale":1.45273101,"type":"generibush"}
{"ctxid":1,"pos":[173.497223,-306.758759,930.716125],"rotationMatrix":[-0.92110455,-0.389315099,0,0.389315099,-0.92110455,0,0,0,0.999999881],"scale":1.3768084,"type":"generibush"}
{"ctxid":1,"pos":[169.074402,-301.11969,929.687378],"rotationMatrix":[0.119090155,-0.992883325,0,0.992883325,0.119090155,0,0,0,0.999999881],"scale":1.35170925,"type":"generibush"}
{"ctxid":1,"pos":[182.268723,-304.125244,934.529419],"rotationMatrix":[0.851685107,-0.524053693,0,0.524053693,0.851685107,0,0,0,0.999999881],"scale":1.3273164,"type":"generibush"}
{"ctxid":1,"pos":[161.657684,-321.623657,929.560791],"rotationMatrix":[0.956374347,0.292143703,0,-0.292143703,0.956374347,0,0,0,0.999999881],"scale":1.10263252,"type":"generibush"}
{"ctxid":1,"pos":[167.442352,-314.639679,930.222107],"rotationMatrix":[0.610410452,0.79208529,0,-0.79208529,0.610410452,0,0,0,0.999999881],"scale":1.38352692,"type":"generibush"}
{"ctxid":1,"pos":[171.009186,-314.810242,932.408081],"rotationMatrix":[0.948525131,-0.316701651,0,0.316701651,0.948525131,0,0,0,0.999999881],"scale":1.41342354,"type":"generibush"}
{"ctxid":1,"pos":[158.397583,-318.13382,929.374756],"rotationMatrix":[-0.234560251,-0.97210151,0,0.97210151,-0.234560251,0,0,0,0.999999881],"scale":1.46788299,"type":"generibush"}
{"ctxid":1,"pos":[176.643585,-313.415131,934.614868],"rotationMatrix":[-0.951448023,-0.307809323,0,0.307809323,-0.951448023,0,0,0,0.999999881],"scale":1.34563851,"type":"generibush"}
{"ctxid":1,"pos":[159.45372,-319.640167,928.247375],"rotationMatrix":[0.0610545315,-0.998134375,0,0.998134375,0.0610545315,0,0,0,0.999999881],"scale":0.831566095,"type":"generibush"}
{"ctxid":1,"pos":[150.977768,-311.005798,936.092346],"rotationMatrix":[0.779971302,0.625815213,0,-0.625815213,0.779971302,0,0,0,0.999999881],"scale":1.29880285,"type":"generibush"}
{"ctxid":1,"pos":[150.179291,-318.951569,934.041748],"rotationMatrix":[-0.992503345,-0.122216418,0,0.122216418,-0.992503345,0,0,0,0.999999881],"scale":0.998365879,"type":"generibush"}
{"ctxid":1,"pos":[165.227814,-322.363831,932.062256],"rotationMatrix":[0.993385136,-0.114829704,0,0.114829704,0.993385136,0,0,0,0.999999881],"scale":1.26175642,"type":"generibush"}
{"ctxid":1,"pos":[173.711365,-315.31308,933.8927],"rotationMatrix":[0.164308906,0.986408889,0,-0.986408889,0.164308906,0,0,0,0.999999881],"scale":0.897919893,"type":"generibush"}
{"ctxid":1,"pos":[165.09819,-316.990082,929.733337],"rotationMatrix":[-0.978770077,-0.204960793,0,0.204960793,-0.978770077,0,0,0,0.999999881],"scale":1.07144809,"type":"generibush"}
{"ctxid":1,"pos":[163.674988,-324.642792,932.07312],"rotationMatrix":[-0.999331772,-0.0365487263,0,0.0365487263,-0.999331772,0,0,0,0.999999881],"scale":0.875402808,"type":"generibush"}
{"ctxid":1,"pos":[160.687363,-305.805298,933.144653],"rotationMatrix":[-0.555565059,-0.831473053,0,0.831473053,-0.555565059,0,0,0,0.999999881],"scale":0.885300517,"type":"generibush"}
{"ctxid":1,"pos":[167.088074,-304.966278,929.328491],"rotationMatrix":[0.652591109,-0.757710099,0,0.757710099,0.652591109,0,0,0,0.999999881],"scale":1.37678289,"type":"generibush"}
{"ctxid":1,"pos":[156.025848,-307.738708,934.779297],"rotationMatrix":[-0.117296256,-0.993096888,0,0.993096888,-0.117296256,0,0,0,0.999999881],"scale":1.17457938,"type":"generibush"}
{"ctxid":1,"pos":[135.363586,-347.392365,932.239258],"rotationMatrix":[0.197216585,-0.980359852,0,0.980359852,0.197216585,0,0,0,0.999999881],"scale":0.833080947,"type":"generibush"}
{"ctxid":1,"pos":[137.230469,-330.698395,936.970093],"rotationMatrix":[0.595635355,-0.803254902,0,0.803254902,0.595635355,0,0,0,0.999999881],"scale":0.830489755,"type":"generibush"}
{"ctxid":1,"pos":[149.906342,-339.401672,929.81665],"rotationMatrix":[-0.530644476,-0.84759444,0,0.84759444,-0.530644476,0,0,0,0.999999881],"scale":0.904925466,"type":"generibush"}
{"ctxid":1,"pos":[147.479584,-329.807617,931.519165],"rotationMatrix":[0.998933434,0.0461722314,0,-0.0461722314,0.998933434,0,0,0,0.999999881],"scale":1.46358967,"type":"generibush"}
{"ctxid":1,"pos":[147.262512,-338.300354,928.482788],"rotationMatrix":[0.760876596,-0.648896456,0,0.648896456,0.760876596,0,0,0,0.999999881],"scale":1.10455775,"type":"generibush"}
{"ctxid":1,"pos":[148.107773,-327.889191,931.928101],"rotationMatrix":[-0.503033042,-0.864267111,0,0.864267111,-0.503033042,0,0,0,0.999999881],"scale":0.959953487,"type":"generibush"}
{"ctxid":1,"pos":[151.388428,-349.988739,934.534729],"rotationMatrix":[0.99973619,0.0229641888,0,-0.0229641888,0.99973619,0,0,0,0.999999881],"scale":1.26171672,"type":"generibush"}
{"ctxid":1,"pos":[149.277954,-344.82193,931.695129],"rotationMatrix":[-0.713299572,0.700859129,0,-0.700859129,-0.713299572,0,0,0,0.999999881],"scale":0.914516926,"type":"generibush"}
{"ctxid":1,"pos":[150.711868,-353.008789,935.064819],"rotationMatrix":[0.489409328,0.872054219,0,-0.872054219,0.489409328,0,0,0,0.999999881],"scale":1.23482776,"type":"generibush"}
{"ctxid":1,"pos":[142.399567,-337.695618,931.528198],"rotationMatrix":[-0.258862078,0.96591419,0,-0.96591419,-0.258862078,0,0,0,0.999999881],"scale":0.800452471,"type":"generibush"}
{"ctxid":1,"pos":[128.527496,-353.648224,934.197632],"rotationMatrix":[-0.106784992,-0.994282067,0,0.994282067,-0.106784992,0,0,0,0.999999881],"scale":1.34972095,"type":"generibush"}
{"ctxid":1,"pos":[139.308441,-346.256439,930.05188],"rotationMatrix":[-0.00571661815,-0.999983549,0,0.999983549,-0.00571661815,0,0,0,0.999999881],"scale":1.00583911,"type":"generibush"}
{"ctxid":1,"pos":[139.807953,-351.137238,928.637207],"rotationMatrix":[0.144623265,0.989486754,0,-0.989486754,0.144623265,0,0,0,0.999999881],"scale":1.11797714,"type":"generibush"}
{"ctxid":1,"pos":[133.970108,-355.825195,929.742065],"rotationMatrix":[-0.865392208,0.501095057,0,-0.501095057,-0.865392208,0,0,0,0.999999881],"scale":0.874697864,"type":"generibush"}
{"ctxid":1,"pos":[137.562836,-340.808502,933.42749],"rotationMatrix":[-0.725240052,-0.688496113,0,0.688496113,-0.725240052,0,0,0,0.999999881],"scale":1.27652347,"type":"generibush"}
{"ctxid":1,"pos":[146.90448,-359.84314,935.271423],"rotationMatrix":[0.950436592,0.310918272,0,-0.310918272,0.950436592,0,0,0,0.999999881],"scale":0.800987661,"type":"generibush"}
{"ctxid":1,"pos":[186.233673,-307.028656,936.81604],"rotationMatrix":[-0.873681545,0.486498207,0,-0.486498207,-0.873681545,0,0,0,0.999999881],"scale":0.866451561,"type":"generibush"}
{"ctxid":1,"pos":[191.813156,-304.805511,938.402344],"rotationMatrix":[0.883536339,0.46836254,0,-0.46836254,0.883536339,0,0,0,0.999999881],"scale":1.32084656,"type":"generibush"}
{"ctxid":1,"pos":[193.695038,-287.971405,935.306519],"rotationMatrix":[-0.0710121021,0.997475326,0,-0.997475326,-0.0710121021,0,0,0,0.999999881],"scale":1.20904517,"type":"generibush"}
{"ctxid":1,"pos":[180.101044,-282.152435,931.477173],"rotationMatrix":[0.845473766,-0.534016728,0,0.534016728,0.845473766,0,0,0,0.999999881],"scale":1.2669121,"type":"generibush"}
{"ctxid":1,"pos":[190.2957,-300.560852,936.973389],"rotationMatrix":[-0.827844262,-0.560957968,0,0.560957968,-0.827844262,0,0,0,0.999999881],"scale":1.27204037,"type":"generibush"}
{"ctxid":1,"pos":[195.531952,-299.044067,938.646729],"rotationMatrix":[-0.150166914,0.988660574,0,-0.988660574,-0.150166914,0,0,0,0.999999881],"scale":0.899305105,"type":"generibush"}
{"ctxid":1,"pos":[188.954102,-280.72052,929.053467],"rotationMatrix":[0.451565236,-0.892238021,0,0.892238021,0.451565236,0,0,0,0.999999881],"scale":1.11191809,"type":"generibush"}
{"ctxid":1,"pos":[177.409531,-298.508606,929.63916],"rotationMatrix":[-0.228912771,0.973446846,0,-0.973446846,-0.228912771,0,0,0,0.999999881],"scale":1.25620079,"type":"generibush"}
{"ctxid":1,"pos":[185.08075,-280.240753,928.72229],"rotationMatrix":[-0.907654941,-0.419716984,0,0.419716984,-0.907654941,0,0,0,0.999999881],"scale":1.42968369,"type":"generibush"}
{"ctxid":1,"pos":[189.058319,-293.357269,934.651123],"rotationMatrix":[-0.867848516,-0.496828943,0,0.496828943,-0.867848516,0,0,0,0.999999881],"scale":1.12986135,"type":"generibush"}
{"ctxid":1,"pos":[198.709061,-297.133575,939.430725],"rotationMatrix":[0.440354794,0.89782387,0,-0.89782387,0.440354794,0,0,0,0.999999881],"scale":1.26068056,"type":"generibush"}
{"ctxid":1,"pos":[213.105896,-247.511047,929.600586],"rotationMatrix":[0.44518733,-0.89543736,0,0.89543736,0.44518733,0,0,0,0.999999881],"scale":1.00708604,"type":"generibush"}
{"ctxid":1,"pos":[215.772629,-255.88327,935.736328],"rotationMatrix":[0.339739829,0.940519452,0,-0.940519452,0.339739829,0,0,0,0.999999881],"scale":0.918631792,"type":"generibush"}
{"ctxid":1,"pos":[232.915649,-253.135773,942.673218],"rotationMatrix":[0.333581775,0.942721188,0,-0.942721188,0.333581775,0,0,0,0.999999881],"scale":1.38504195,"type":"generibush"}
{"ctxid":1,"pos":[208.960632,-252.982315,929.321838],"rotationMatrix":[-0.519995511,-0.854168832,0,0.854168832,-0.519995511,0,0,0,0.999999881],"scale":0.907717943,"type":"generibush"}
{"ctxid":1,"pos":[210.229095,-242.005112,931.657043],"rotationMatrix":[0.991072237,0.133324891,0,-0.133324891,0.991072237,0,0,0,0.999999881],"scale":1.48159778,"type":"generibush"}
{"ctxid":1,"pos":[220.526611,-239.479309,931.396729],"rotationMatrix":[-0.0685909241,0.997644782,0,-0.997644782,-0.0685909241,0,0,0,0.999999881],"scale":0.998598933,"type":"generibush"}
{"ctxid":1,"pos":[217.13797,-240.559616,929.215698],"rotationMatrix":[0.048514083,0.998822451,0,-0.998822451,0.048514083,0,0,0,0.999999881],"scale":1.31048691,"type":"generibush"}
{"ctxid":1,"pos":[216.017731,-252.48439,934.551514],"rotationMatrix":[0.479269981,0.877667546,0,-0.877667546,0.479269981,0,0,0,0.999999881],"scale":1.20553422,"type":"generibush"}
{"ctxid":1,"pos":[220.125793,-256.173615,937.834595],"rotationMatrix":[0.831041753,0.556209981,0,-0.556209981,0.831041753,0,0,0,0.999999881],"scale":1.03992534,"type":"generibush"}
{"ctxid":1,"pos":[233.176147,-242.729843,939.424316],"rotationMatrix":[-0.91367358,-0.406448573,0,0.406448573,-0.91367358,0,0,0,0.999999881],"scale":1.12933898,"type":"generibush"}
{"ctxid":1,"pos":[213.465256,-255.838623,934.424866],"rotationMatrix":[-0.66470629,0.747104704,0,-0.747104704,-0.66470629,0,0,0,0.999999881],"scale":1.28537214,"type":"generibush"}
{"ctxid":1,"pos":[225.44693,-255.916107,940.081787],"rotationMatrix":[0.416777581,0.909008503,0,-0.909008503,0.416777581,0,0,0,0.999999881],"scale":0.896843076,"type":"generibush"}
{"ctxid":1,"pos":[229.972198,-247.678986,939.450928],"rotationMatrix":[-0.540742338,0.841188073,0,-0.841188073,-0.540742338,0,0,0,0.999999881],"scale":0.836157799,"type":"generibush"}
{"ctxid":1,"pos":[226.881714,-249.499802,938.696533],"rotationMatrix":[-0.225153103,0.974323332,0,-0.974323332,-0.225153103,0,0,0,0.999999881],"scale":1.19421554,"type":"generibush"}
{"ctxid":1,"pos":[253.076614,-200.991425,938.489746],"rotationMatrix":[0.0921762213,0.995742619,0,-0.995742619,0.0921762213,0,0,0,0.999999881],"scale":0.811954379,"type":"generibush"}
{"ctxid":1,"pos":[240.051697,-206.978241,935.167725],"rotationMatrix":[-0.250236481,-0.96818465,0,0.96818465,-0.250236481,0,0,0,0.999999881],"scale":1.20713568,"type":"generibush"}
{"ctxid":1,"pos":[252.169037,-194.794418,937.17334],"rotationMatrix":[0.518986344,-0.854782403,0,0.854782403,0.518986344,0,0,0,0.999999881],"scale":0.902652442,"type":"generibush"}
{"ctxid":1,"pos":[258.793762,-209.021561,941.402588],"rotationMatrix":[0.712624907,-0.70154506,0,0.70154506,0.712624907,0,0,0,0.999999881],"scale":1.32630229,"type":"generibush"}
{"ctxid":1,"pos":[254.342392,-207.170959,940.075012],"rotationMatrix":[0.792786717,-0.609498978,0,0.609498978,0.792786717,0,0,0,0.999999881],"scale":0.995499909,"type":"generibush"}
{"ctxid":1,"pos":[251.949493,-216.518677,940.724243],"rotationMatrix":[0.927855909,0.372938782,0,-0.372938782,0.927855909,0,0,0,0.999999881],"scale":1.45806789,"type":"generibush"}
{"ctxid":1,"pos":[261.474731,-201.700912,941.408813],"rotationMatrix":[0.457970202,0.888967574,0,-0.888967574,0.457970202,0,0,0,0.999999881],"scale":1.43441999,"type":"generibush"}
{"ctxid":1,"pos":[260.416595,-206.105347,941.472656],"rotationMatrix":[0.99994719,-0.010269139,0,0.010269139,0.99994719,0,0,0,0.999999881],"scale":0.989690304,"type":"generibush"}
{"ctxid":1,"pos":[246.390762,-206.116608,935.89209],"rotationMatrix":[0.260434508,0.965491474,0,-0.965491474,0.260434508,0,0,0,0.999999881],"scale":1.06165743,"type":"generibush"}
{"ctxid":1,"pos":[250.456528,-220.774307,940.975525],"rotationMatrix":[0.559696496,0.828697681,0,-0.828697681,0.559696496,0,0,0,0.999999881],"scale":1.03637338,"type":"generibush"}
{"ctxid":1,"pos":[235.826813,-210.916046,935.241333],"rotationMatrix":[0.375789732,0.926704943,0,-0.926704943,0.375789732,0,0,0,0.999999881],"scale":1.28007805,"type":"generibush"}
{"ctxid":1,"pos":[233.513382,-200.854675,942.560059],"rotationMatrix":[-0.91245681,-0.409173012,0,0.409173012,-0.91245681,0,0,0,0.999999881],"scale":1.05439019,"type":"generibush"}
{"ctxid":1,"pos":[238.162399,-212.841309,933.53186],"rotationMatrix":[0.179326519,0.983789504,0,-0.983789504,0.179326519,0,0,0,0.999999881],"scale":1.13768673,"type":"generibush"}
{"ctxid":1,"pos":[238.749039,-209.005157,934.569946],"rotationMatrix":[-0.968674183,-0.248334706,0,0.248334706,-0.968674183,0,0,0,0.999999881],"scale":1.2522769,"type":"generibush"}
{"ctxid":1,"pos":[243.457611,-200.207825,938.053345],"rotationMatrix":[-0.925184786,-0.37951684,0,0.37951684,-0.925184786,0,0,0,0.999999881],"scale":1.29271209,"type":"generibush"}
{"ctxid":1,"pos":[250.814453,-201.566071,937.279785],"rotationMatrix":[-0.984241962,0.176826209,0,-0.176826209,-0.984241962,0,0,0,0.999999881],"scale":1.17495978,"type":"generibush"}
{"ctxid":1,"pos":[250.915863,-205.35022,938.377625],"rotationMatrix":[0.446457565,-0.894804716,0,0.894804716,0.446457565,0,0,0,0.999999881],"scale":0.908952951,"type":"generibush"}
{"ctxid":1,"pos":[239.753906,-204.212982,937.491943],"rotationMatrix":[0.950739026,0.309992224,0,-0.309992224,0.950739026,0,0,0,0.999999881],"scale":1.13163364,"type":"generibush"}
{"ctxid":1,"pos":[257.276245,-210.391983,941.207458],"rotationMatrix":[0.217975497,0.975954235,0,-0.975954235,0.217975497,0,0,0,0.999999881],"scale":0.95218271,"type":"generibush"}
{"ctxid":1,"pos":[246.372467,-210.007965,937.353394],"rotationMatrix":[-0.911334097,0.411667556,0,-0.411667556,-0.911334097,0,0,0,0.999999881],"scale":0.852612436,"type":"generibush"}
{"ctxid":1,"pos":[243.424713,-221.080917,938.999146],"rotationMatrix":[0.674224436,0.738526523,0,-0.738526523,0.674224436,0,0,0,0.999999881],"scale":1.07999372,"type":"generibush"}
{"ctxid":1,"pos":[201.121475,-253.201843,931.843994],"rotationMatrix":[0.489526182,0.871988595,0,-0.871988595,0.489526182,0,0,0,0.999999881],"scale":0.958256006,"type":"generibush"}
{"ctxid":1,"pos":[203.130005,-263.657257,930.775024],"rotationMatrix":[-0.11585135,-0.993266463,0,0.993266463,-0.11585135,0,0,0,0.999999881],"scale":0.852356195,"type":"generibush"}
{"ctxid":1,"pos":[213.614716,-251.379349,932.329224],"rotationMatrix":[-0.447128356,-0.894469678,0,0.894469678,-0.447128356,0,0,0,0.999999881],"scale":1.24990547,"type":"generibush"}
{"ctxid":1,"pos":[201.741425,-249.725601,933.682495],"rotationMatrix":[-0.568105578,0.822955489,0,-0.822955489,-0.568105578,0,0,0,0.999999881],"scale":1.49586535,"type":"generibush"}
{"ctxid":1,"pos":[202.692215,-257.806396,927.731689],"rotationMatrix":[0.717301488,0.696762919,0,-0.696762919,0.717301488,0,0,0,0.999999881],"scale":1.09162283,"type":"generibush"}
{"ctxid":1,"pos":[206.267944,-248.493271,930.399048],"rotationMatrix":[0.82068938,-0.571374416,0,0.571374416,0.82068938,0,0,0,0.999999881],"scale":1.2269187,"type":"generibush"}
{"ctxid":1,"pos":[212.131592,-258.154419,934.607605],"rotationMatrix":[-0.0584229566,0.99829179,0,-0.99829179,-0.0584229566,0,0,0,0.999999881],"scale":1.32117903,"type":"generibush"}
{"ctxid":1,"pos":[201.192062,-242.702728,937.587769],"rotationMatrix":[0.999137044,-0.0415322334,0,0.0415322334,0.999137044,0,0,0,0.999999881],"scale":1.19289088,"type":"generibush"}
{"ctxid":1,"pos":[211.162415,-251.154221,930.051025],"rotationMatrix":[0.638783097,-0.769386709,0,0.769386709,0.638783097,0,0,0,0.999999881],"scale":0.897711933,"type":"generibush"}
{"ctxid":1,"pos":[209.550751,-262.371216,934.818237],"rotationMatrix":[-0.287816614,0.957685411,0,-0.957685411,-0.287816614,0,0,0,0.999999881],"scale":0.832869947,"type":"generibush"}
{"ctxid":1,"pos":[202.268417,-268.422607,932.785645],"rotationMatrix":[0.985028684,-0.17238982,0,0.17238982,0.985028684,0,0,0,0.999999881],"scale":1.42871451,"type":"generibush"}
{"ctxid":1,"pos":[189.118042,-254.893204,937.988647],"rotationMatrix":[0.264229745,0.964459777,0,-0.964459777,0.264229745,0,0,0,0.999999881],"scale":1.02605093,"type":"generibush"}
{"ctxid":1,"pos":[196.426193,-262.774139,929.538086],"rotationMatrix":[-0.896001875,0.444050312,0,-0.444050312,-0.896001875,0,0,0,0.999999881],"scale":1.11417782,"type":"generibush"}
{"ctxid":1,"pos":[171.782852,-303.587555,928.277344],"rotationMatrix":[0.764848948,0.644209683,0,-0.644209683,0.764848948,0,0,0,0.999999881],"scale":1.41454196,"type":"generibush"}
{"ctxid":1,"pos":[169.287094,-291.831635,933.828857],"rotationMatrix":[-0.0255488381,0.999673486,0,-0.999673486,-0.0255488381,0,0,0,0.999999881],"scale":1.17907917,"type":"generibush"}
{"ctxid":1,"pos":[183.009567,-301.270996,934.064087],"rotationMatrix":[-0.855897009,0.517145991,0,-0.517145991,-0.855897009,0,0,0,0.999999881],"scale":0.885913193,"type":"generibush"}
{"ctxid":1,"pos":[169.206528,-297.229156,931.572937],"rotationMatrix":[-0.518234015,0.855238676,0,-0.855238676,-0.518234015,0,0,0,0.999999881],"scale":1.25334036,"type":"generibush"}
{"ctxid":1,"pos":[177.142593,-307.781616,933.196655],"rotationMatrix":[-0.0375290811,-0.999295413,0,0.999295413,-0.0375290811,0,0,0,0.999999881],"scale":1.49449074,"type":"generibush"}
{"ctxid":1,"pos":[172.310028,-300.46579,928.016541],"rotationMatrix":[0.950710833,0.31007883,0,-0.31007883,0.950710833,0,0,0,0.999999881],"scale":1.42614436,"type":"generibush"}
{"ctxid":1,"pos":[182.679535,-299.236664,933.251221],"rotationMatrix":[-0.979308128,-0.202374488,0,0.202374488,-0.979308128,0,0,0,0.999999881],"scale":0.854778409,"type":"generibush"}
{"ctxid":1,"pos":[173.914139,-304.358459,929.920776],"rotationMatrix":[0.980748534,-0.195274562,0,0.195274562,0.980748534,0,0,0,0.999999881],"scale":1.02041101,"type":"generibush"}
{"ctxid":1,"pos":[180.254105,-302.399567,933.035645],"rotationMatrix":[0.71174556,-0.702437282,0,0.702437282,0.71174556,0,0,0,0.999999881],"scale":1.07502794,"type":"generibush"}
{"ctxid":1,"pos":[176.205933,-300.161926,929.588989],"rotationMatrix":[0.967374265,0.253351182,0,-0.253351182,0.967374265,0,0,0,0.999999881],"scale":0.819016457,"type":"generibush"}
{"ctxid":1,"pos":[186.512726,-291.672424,932.685303],"rotationMatrix":[-0.160566896,-0.987024844,0,0.987024844,-0.160566896,0,0,0,0.999999881],"scale":1.31764746,"type":"generibush"}
{"ctxid":1,"pos":[185.1828,-299.832489,934.667664],"rotationMatrix":[-0.958088815,-0.286471337,0,0.286471337,-0.958088815,0,0,0,0.999999881],"scale":1.17792487,"type":"generibush"}
{"ctxid":1,"pos":[176.320007,-303.812836,931.285278],"rotationMatrix":[-0.997596979,0.0692828596,0,-0.0692828596,-0.997596979,0,0,0,0.999999881],"scale":0.859013379,"type":"generibush"}
{"ctxid":1,"pos":[163.527466,-300.597626,933.540222],"rotationMatrix":[-0.337223262,-0.941424608,0,0.941424608,-0.337223262,0,0,0,0.999999881],"scale":1.14895427,"type":"generibush"}
{"ctxid":1,"pos":[169.843094,-308.957794,929.295044],"rotationMatrix":[0.865265727,-0.501313269,0,0.501313269,0.865265727,0,0,0,0.999999881],"scale":1.25490451,"type":"generibush"}
{"ctxid":1,"pos":[167.013657,-298.165161,932.572021],"rotationMatrix":[-0.090432249,0.995902538,0,-0.995902538,-0.090432249,0,0,0,0.999999881],"scale":0.814669132,"type":"generibush"}
{"ctxid":1,"pos":[171.420837,-297.851593,929.688354],"rotationMatrix":[0.766299665,0.642483354,0,-0.642483354,0.766299665,0,0,0,0.999999881],"scale":1.29995942,"type":"generibush"}
{"ctxid":1,"pos":[169.497971,-303.059814,928.500916],"rotationMatrix":[0.99439007,-0.105774008,0,0.105774008,0.99439007,0,0,0,0.999999881],"scale":0.94828546,"type":"generibush"}
{"ctxid":1,"pos":[178.14537,-301.069458,931.2995],"rotationMatrix":[-0.207490116,-0.978236973,0,0.978236973,-0.207490116,0,0,0,0.999999881],"scale":1.03611863,"type":"generibush"}
{"ctxid":1,"pos":[514.083313,2.43884969,959.221558],"rotationMatrix":[0.980053008,-0.198735639,0,0.198735639,0.980053008,0,-0,0,0.999999881],"scale":1.14128959,"type":"generibush"}
{"ctxid":1,"pos":[512.743835,-0.0331689119,959.140503],"rotationMatrix":[-0.999134779,-0.041586712,0,0.041586712,-0.999134779,0,-0,0,0.999999881],"scale":1.44050276,"type":"generibush"}
