{"ctxid":1,"pos":[-948.77533,-814.049561,933.459595],"rotationMatrix":[0.946098745,-0.32387808,0,0.32387808,0.946098745,0,0,0,0.999999881],"scale":1,"type":"palm_small"}
{"ctxid":1,"pos":[-968.512512,-833.564392,932.888428],"rotationMatrix":[0.299107611,-0.954219341,0,0.954219341,0.299107611,0,0,0,0.999999881],"scale":1,"type":"palm_small"}
{"ctxid":1,"pos":[-943.482971,-808.760437,933.783997],"rotationMatrix":[-0.627451777,-0.778655231,0,0.778655231,-0.627451777,0,0,0,0.999999881],"scale":1,"type":"palm_small"}
{"ctxid":1,"pos":[-903.673828,-904.753174,925.059875],"rotationMatrix":[0.716179192,-0.69791621,0,0.69791621,0.716179192,0,0,0,0.999999881],"scale":1,"type":"palm_small"}
{"ctxid":1,"pos":[-890.366455,-928.424072,924.999939],"rotationMatrix":[0.160665348,0.98700887,0,-0.98700887,0.160665348,0,0,0,0.999999881],"scale":1,"type":"palm_small"}
{"ctxid":1,"pos":[-886.878662,-908.449646,924.999939],"rotationMatrix":[0.972580016,0.232568383,0,-0.232568383,0.972580016,0,0,0,0.999999881],"scale":1,"type":"palm_small"}
{"ctxid":1,"pos":[-897.203552,-919.562195,924.999939],"rotationMatrix":[0.795307815,0.606205761,0,-0.606205761,0.795307815,0,0,0,0.999999881],"scale":1,"type":"palm_small"}
{"ctxid":1,"pos":[-905.127014,-929.242859,924.999939],"rotationMatrix":[0.347314626,-0.937748611,0,0.937748611,0.347314626,0,0,0,0.999999881],"scale":1,"type":"palm_small"}
{"ctxid":1,"pos":[-856.190674,-871.416504,924.999878],"rotationMatrix":[-0.225309238,-0.974287212,0,0.974287212,-0.225309238,0,0,0,0.999999881],"scale":1,"type":"palm_small"}
{"ctxid":1,"pos":[-876.427734,-875.431519,925.249878],"rotationMatrix":[-0.873054445,-0.487622738,0,0.487622738,-0.873054445,0,0,0,0.999999881],"scale":1,"type":"palm_small"}
{"ctxid":1,"pos":[-866.979004,-870.341492,925.24762],"rotationMatrix":[-0.999996603,-0.00258412841,0,0.00258412841,-0.999996603,0,0,0,0.999999881],"scale":1,"type":"palm_small"}
{"ctxid":1,"pos":[-846.733521,-884.328308,924.999878],"rotationMatrix":[0.920586407,0.390538782,0,-0.390538782,0.920586407,0,0,0,0.999999881],"scale":1,"type":"palm_small"}
{"ctxid":1,"pos":[-865.676147,-893.660156,924.999878],"rotationMatrix":[0.724062264,0.689734578,0,-0.689734578,0.724062264,0,0,0,0.999999881],"scale":1,"type":"palm_small"}
{"ctxid":1,"pos":[-843.651917,-850.069458,925.115601],"rotationMatrix":[-0.686910331,-0.726742029,0,0.726742029,-0.686910331,0,0,0,0.999999881],"scale":1,"type":"palm_small"}
{"ctxid":1,"pos":[-839.683167,-866.835205,924.999878],"rotationMatrix":[-0.969163477,-0.246418491,0,0.246418491,-0.969163477,0,0,0,0.999999881],"scale":1,"type":"palm_small"}
{"ctxid":1,"pos":[-842.020386,-868.605347,924.999878],"rotationMatrix":[0.73468101,0.678412735,0,-0.678412735,0.73468101,0,0,0,0.999999881],"scale":1,"type":"palm_small"}
{"ctxid":1,"pos":[-832.174988,-876.477722,925],"rotationMatrix":[0.685731828,0.727854311,0,-0.727854311,0.685731828,0,0,0,0.999999881],"scale":1,"type":"palm_small"}
{"ctxid":1,"pos":[-829.944763,-873.79834,925],"rotationMatrix":[0.987945259,0.154803172,0,-0.154803172,0.987945259,0,0,0,0.999999881],"scale":1,"type":"palm_small"}
{"ctxid":1,"pos":[-800.35199,-853.774231,925.042542],"rotationMatrix":[0.56978184,0.821796,0,-0.821796,0.56978184,0,0,0,0.999999881],"scale":1,"type":"palm_small"}
{"ctxid":1,"pos":[-805.375061,-835.937866,925.125854],"rotationMatrix":[-0.991519272,-0.129958972,0,0.129958972,-0.991519272,0,0,0,0.999999881],"scale":1,"type":"palm_small"}
{"ctxid":1,"pos":[-820.366272,-834.13562,924.984619],"rotationMatrix":[-0.650428355,-0.75956744,0,0.75956744,-0.650428355,0,0,0,0.999999881],"scale":1,"type":"palm_small"}
{"ctxid":1,"pos":[-819.72467,-850.135742,925],"rotationMatrix":[-0.573277295,-0.819361269,0,0.819361269,-0.573277295,0,0,0,0.999999881],"scale":1,"type":"palm_small"}
{"ctxid":1,"pos":[-813.261536,-823.94812,924.473145],"rotationMatrix":[-0.93691659,0.3495529,0,-0.3495529,-0.93691659,0,0,0,0.999999881],"scale":1,"type":"palm_small"}
{"ctxid":1,"pos":[-773.831421,-822.78479,926.133301],"rotationMatrix":[0.072380282,-0.997377038,0,0.997377038,0.072380282,0,0,0,0.999999881],"scale":1,"type":"palm_small"}
{"ctxid":1,"pos":[-755.888611,-818.091492,926.821899],"rotationMatrix":[0.16558437,0.986195564,0,-0.986195564,0.16558437,0,0,0,0.999999881],"scale":1,"type":"palm_small"}
{"ctxid":1,"pos":[-755.96521,-825.866089,926.61731],"rotationMatrix":[0.23594074,0.971767485,0,-0.971767485,0.23594074,0,0,0,0.999999881],"scale":1,"type":"palm_small"}
{"ctxid":1,"pos":[-783.501221,-822.620239,925.834412],"rotationMatrix":[-0.520373821,0.853938401,0,-0.853938401,-0.520373821,0,0,0,0.999999881],"scale":1,"type":"palm_small"}
{"ctxid":1,"pos":[-760.65863,-827.643982,926.441223],"rotationMatrix":[0.14977926,0.988719404,0,-0.988719404,0.14977926,0,0,0,0.999999881],"scale":1,"type":"palm_small"}
{"ctxid":1,"pos":[-741.755737,-795.738525,927.243042],"rotationMatrix":[0.976382256,-0.216049805,0,0.216049805,0.976382256,0,0,0,0.999999881],"scale":1,"type":"palm_small"}
{"ctxid":1,"pos":[-731.636597,-803.043213,927.597534],"rotationMatrix":[0.420790702,0.907157779,0,-0.907157779,0.420790702,0,0,0,0.999999881],"scale":1,"type":"palm_small"}
{"ctxid":1,"pos":[-737.90387,-817.067627,929.376465],"rotationMatrix":[-0.243654072,0.969862103,0,-0.969862103,-0.243654072,0,0,0,0.999999881],"scale":1,"type":"palm_small"}
{"ctxid":1,"pos":[-696.971497,-815.710449,933.803223],"rotationMatrix":[-0.977608263,0.210432529,0,-0.210432529,-0.977608263,0,0,0,0.999999881],"scale":1,"type":"palm_small"}
{"ctxid":1,"pos":[-719.683472,-800.784424,928.39917],"rotationMatrix":[0.999393582,0.0348171555,0,-0.0348171555,0.999393582,0,0,0,0.999999881],"scale":1,"type":"palm_small"}
{"ctxid":1,"pos":[-707.347412,-786.506287,928.414368],"rotationMatrix":[-0.130211815,0.991486013,0,-0.991486013,-0.130211815,0,0,0,0.999999881],"scale":1,"type":"palm_small"}
{"ctxid":1,"pos":[-686.988708,-774.584595,929.429504],"rotationMatrix":[0.9076159,-0.419801384,0,0.419801384,0.9076159,0,0,0,0.999999881],"scale":1,"type":"palm_small"}
{"ctxid":1,"pos":[-676.696899,-757.141052,927.900635],"rotationMatrix":[0.943179786,-0.332282484,0,0.332282484,0.943179786,0,0,0,0.999999881],"scale":1,"type":"palm_small"}
{"ctxid":1,"pos":[-651.779541,-739.34375,930.999512],"rotationMatrix":[0.130988911,0.991383791,0,-0.991383791,0.130988911,0,0,0,0.999999881],"scale":1,"type":"palm_small"}
{"ctxid":1,"pos":[-650.382935,-702.92511,930.958618],"rotationMatrix":[-0.884911895,-0.465758413,0,0.465758413,-0.884911895,0,0,0,0.999999881],"scale":1,"type":"palm_small"}
{"ctxid":1,"pos":[-682.370911,-721.843689,929.955566],"rotationMatrix":[0.793275058,-0.608863354,0,0.608863354,0.793275058,0,0,0,0.999999881],"scale":1,"type":"palm_small"}
{"ctxid":1,"pos":[-683.289734,-718.46759,930.526855],"rotationMatrix":[0.988338292,0.152273387,0,-0.152273387,0.988338292,0,0,0,0.999999881],"scale":1,"type":"palm_small"}
{"ctxid":1,"pos":[-643.494751,-731.209961,930.999512],"rotationMatrix":[-0.793478608,0.608598053,0,-0.608598053,-0.793478608,0,0,0,0.999999881],"scale":1,"type":"palm_small"}
{"ctxid":1,"pos":[-662.378906,-748.578979,930.999512],"rotationMatrix":[0.143767804,0.989611387,0,-0.989611387,0.143767804,0,0,0,0.999999881],"scale":1,"type":"palm_small"}
{"ctxid":1,"pos":[-662.297852,-711.297913,930.857727],"rotationMatrix":[-0.679486454,0.733687997,0,-0.733687997,-0.679486454,0,0,0,0.999999881],"scale":1,"type":"palm_small"}
{"ctxid":1,"pos":[-519.957703,-570.168945,931.936829],"rotationMatrix":[-0.667128801,-0.744942367,0,0.744942367,-0.667128801,0,0,0,0.999999881],"scale":1,"type":"palm_small"}
{"ctxid":1,"pos":[-532.036865,-605.150818,931.282593],"rotationMatrix":[-0.499442548,0.866346896,0,-0.866346896,-0.499442548,0,0,0,0.999999881],"scale":1,"type":"palm_small"}
{"ctxid":1,"pos":[-533.795227,-606.407593,931.268494],"rotationMatrix":[0.964968503,0.262365431,0,-0.262365431,0.964968503,0,0,0,0.999999881],"scale":1,"type":"palm_small"}
{"ctxid":1,"pos":[-493.866852,-578.135437,931.810791],"rotationMatrix":[-0.383706331,-0.92345506,0,0.92345506,-0.383706331,0,0,0,0.999999881],"scale":1,"type":"palm_small"}
{"ctxid":1,"pos":[-498.304657,-578.057251,931.733765],"rotationMatrix":[-0.981087148,0.193566084,0,-0.193566084,-0.981087148,0,0,0,0.999999881],"scale":1,"type":"palm_small"}
{"ctxid":1,"pos":[-489.776733,-578.596191,931.960938],"rotationMatrix":[-0.942353427,-0.334619045,0,0.334619045,-0.942353427,0,0,0,0.999999881],"scale":1,"type":"palm_small"}
{"ctxid":1,"pos":[-493.109924,-599.930908,931.621704],"rotationMatrix":[-0.2301227,0.973161519,0,-0.973161519,-0.2301227,0,0,0,0.999999881],"scale":1,"type":"palm_small"}
{"ctxid":1,"pos":[-499.787109,-614.166321,931.3573],"rotationMatrix":[-0.850519776,0.525942981,0,-0.525942981,-0.850519776,0,0,0,0.999999881],"scale":1,"type":"palm_small"}
{"ctxid":1,"pos":[-461.96283,-590.861206,931.966187],"rotationMatrix":[-0.743742287,0.668466151,0,-0.668466151,-0.743742287,0,0,0,0.999999881],"scale":1,"type":"palm_small"}
{"ctxid":1,"pos":[-445.510223,-592.846619,931.800781],"rotationMatrix":[0.952666461,0.304017395,0,-0.304017395,0.952666461,0,0,0,0.999999881],"scale":1,"type":"palm_small"}
{"ctxid":1,"pos":[-427.769745,-595.6427,931.61554],"rotationMatrix":[0.618716359,0.785614431,0,-0.785614431,0.618716359,0,0,0,0.999999881],"scale":1,"type":"palm_small"}
{"ctxid":1,"pos":[-408.105957,-599.384827,931.562378],"rotationMatrix":[0.738703549,0.674030483,0,-0.674030483,0.738703549,0,0,0,0.999999881],"scale":1,"type":"palm_small"}
{"ctxid":1,"pos":[-484.719116,-563.591797,931.99939],"rotationMatrix":[-0.980566323,0.196187288,0,-0.196187288,-0.980566323,0,0,0,0.999999881],"scale":1,"type":"palm_small"}
{"ctxid":1,"pos":[-490.876404,-556.494873,931.99939],"rotationMatrix":[-0.994740009,0.102431178,0,-0.102431178,-0.994740009,0,0,0,0.999999881],"scale":1,"type":"palm_small"}
{"ctxid":1,"pos":[839.619568,-628.978882,956.40686],"rotationMatrix":[-0.975726902,-0.218990549,0,0.218990549,-0.975726902,0,0,0,0.999999881],"scale":1.15480018,"type":"palm_small"}
{"ctxid":1,"pos":[840.447571,-634.852234,956.397217],"rotationMatrix":[0.999016821,0.0443316214,0,-0.0443316214,0.999016821,0,0,0,0.999999881],"scale":0.717948735,"type":"palm_small"}
{"ctxid":1,"pos":[841.958984,-641.844727,956.462952],"rotationMatrix":[-0.333084702,-0.942896843,0,0.942896843,-0.333084702,0,0,0,0.999999881],"scale":0.830825925,"type":"palm_small"}
{"ctxid":1,"pos":[843.50647,-646.98584,956.558594],"rotationMatrix":[0.914654911,0.404235393,0,-0.404235393,0.914654911,0,0,0,0.999999881],"scale":1.20097041,"type":"palm_small"}
{"ctxid":1,"pos":[844.464294,-655.231079,956.459961],"rotationMatrix":[-0.256069899,-0.966658175,0,0.966658175,-0.256069899,0,0,0,0.999999881],"scale":1.17725611,"type":"palm_small"}
{"ctxid":1,"pos":[847.96698,-662.195312,956.695312],"rotationMatrix":[0.903669715,-0.428229839,0,0.428229839,0.903669715,0,0,0,0.999999881],"scale":1.28668034,"type":"palm_small"}
{"ctxid":1,"pos":[851.227356,-672.367981,956.799316],"rotationMatrix":[-0.994845927,-0.101396903,0,0.101396903,-0.994845927,0,0,0,0.999999881],"scale":0.767425239,"type":"palm_small"}
{"ctxid":1,"pos":[852.81604,-678.805359,956.848511],"rotationMatrix":[-0.818705142,0.574213982,0,-0.574213982,-0.818705142,0,0,0,0.999999881],"scale":1.46176434,"type":"palm_small"}
{"ctxid":1,"pos":[851.344604,-681.10791,956.845642],"rotationMatrix":[0.641048491,-0.767500281,0,0.767500281,0.641048491,0,0,0,0.999999881],"scale":0.893254519,"type":"palm_small"}
{"ctxid":1,"pos":[850.533264,-675.006836,956.797363],"rotationMatrix":[0.833516777,-0.552493989,0,0.552493989,0.833516777,0,0,0,0.999999881],"scale":0.728960931,"type":"palm_small"}
{"ctxid":1,"pos":[852.40448,-711.858215,957.50415],"rotationMatrix":[0.590391636,-0.807116747,0,0.807116747,0.590391636,0,0,0,0.999999881],"scale":1.23976421,"type":"palm_small"}
{"ctxid":1,"pos":[852.438477,-767.044434,959.984863],"rotationMatrix":[0.689506233,-0.724279583,0,0.724279583,0.689506233,0,0,0,0.999999881],"scale":1.31906343,"type":"palm_small"}
{"ctxid":1,"pos":[855.360901,-782.325012,961.275391],"rotationMatrix":[0.955732048,-0.29423821,0,0.29423821,0.955732048,0,0,0,0.999999881],"scale":1.48955715,"type":"palm_small"}
{"ctxid":1,"pos":[861.641968,-769.58783,960.304382],"rotationMatrix":[-0.616615653,-0.787264168,0,0.787264168,-0.616615653,0,0,0,0.999999881],"scale":1.11295438,"type":"palm_small"}
{"ctxid":1,"pos":[857.925476,-746.732361,958.749756],"rotationMatrix":[0.0998904184,0.994998336,0,-0.994998336,0.0998904184,0,0,0,0.999999881],"scale":1.26462924,"type":"palm_small"}
{"ctxid":1,"pos":[854.989563,-729.322571,958.258057],"rotationMatrix":[-0.767865717,0.640610576,0,-0.640610576,-0.767865717,0,0,0,0.999999881],"scale":1.36101747,"type":"palm_small"}
{"ctxid":1,"pos":[846.079346,-767.565735,959.963745],"rotationMatrix":[0.420750886,-0.907176137,0,0.907176137,0.420750886,0,0,0,0.999999881],"scale":1.29071116,"type":"palm_small"}
{"ctxid":1,"pos":[845.85498,-781.656799,961.090698],"rotationMatrix":[-0.53105545,-0.847336888,0,0.847336888,-0.53105545,0,0,0,0.999999881],"scale":1.42449629,"type":"palm_small"}
{"ctxid":1,"pos":[856.677612,-755.341187,959.150146],"rotationMatrix":[-0.225904778,-0.974149406,0,0.974149406,-0.225904778,0,0,0,0.999999881],"scale":1.38750684,"type":"palm_small"}
{"ctxid":1,"pos":[854.074585,-607.578247,956.636597],"rotationMatrix":[0.911191761,-0.411982238,0,0.411982238,0.911191761,0,0,0,0.999999881],"scale":1.36042392,"type":"palm_small"}
{"ctxid":1,"pos":[862.590515,-603.444275,956.947998],"rotationMatrix":[-0.259735972,-0.965679586,0,0.965679586,-0.259735972,0,0,0,0.999999881],"scale":0.798695087,"type":"palm_small"}
{"ctxid":1,"pos":[855.069336,-619.049988,956.559265],"rotationMatrix":[0.925190151,-0.379503518,0,0.379503518,0.925190151,0,0,0,0.999999881],"scale":1.45142031,"type":"palm_small"}
{"ctxid":1,"pos":[857.532715,-612.348328,956.63623],"rotationMatrix":[-0.894452393,0.447162896,0,-0.447162896,-0.894452393,0,0,0,0.999999881],"scale":1.14863503,"type":"palm_small"}
{"ctxid":1,"pos":[412.980347,-60.0724564,956.736755],"rotationMatrix":[0.105497755,-0.994419515,0,0.994419515,0.105497755,0,0,0,0.999999881],"scale":0.793757081,"type":"palm_small"}
{"ctxid":1,"pos":[424.507172,-52.6315269,956.911987],"rotationMatrix":[0.0176567491,-0.999844015,0,0.999844015,0.0176567491,0,0,0,0.999999881],"scale":0.896717906,"type":"palm_small"}
{"ctxid":1,"pos":[437.056976,-39.7164497,957.269043],"rotationMatrix":[-0.993277788,-0.115754552,0,0.115754552,-0.993277788,0,0,0,0.999999881],"scale":1.43722939,"type":"palm_small"}
{"ctxid":1,"pos":[442.190796,-34.5256958,957.402588],"rotationMatrix":[0.986928642,-0.161157548,0,0.161157548,0.986928642,0,0,0,0.999999881],"scale":0.743268907,"type":"palm_small"}
{"ctxid":1,"pos":[306.52652,-138.393982,954.645874],"rotationMatrix":[0.399983108,-0.916522384,0,0.916522384,0.399983108,0,0,0,0.999999881],"scale":1.41527975,"type":"palm_small"}
{"ctxid":1,"pos":[311.678131,-135.199142,954.817322],"rotationMatrix":[0.214495897,-0.976724803,0,0.976724803,0.214495897,0,0,0,0.999999881],"scale":1.38654757,"type":"palm_small"}
{"ctxid":1,"pos":[315.50293,-132.73642,954.918457],"rotationMatrix":[-0.985931456,0.167149305,0,-0.167149305,-0.985931456,0,0,0,0.999999881],"scale":1.03405559,"type":"palm_small"}
{"ctxid":1,"pos":[319.171844,-128.05809,955.139526],"rotationMatrix":[0.535134017,0.844767213,0,-0.844767213,0.535134017,0,0,0,0.999999881],"scale":1.20737195,"type":"palm_small"}
{"ctxid":1,"pos":[322.245544,-125.429466,955.219849],"rotationMatrix":[0.186914518,-0.982376099,0,0.982376099,0.186914518,0,0,0,0.999999881],"scale":1.49174905,"type":"palm_small"}
{"ctxid":1,"pos":[327.327118,-122.211311,955.292419],"rotationMatrix":[0.999364614,0.0356387123,0,-0.0356387123,0.999364614,0,0,0,0.999999881],"scale":1.31091547,"type":"palm_small"}
{"ctxid":1,"pos":[329.360931,-118.269676,955.447815],"rotationMatrix":[0.922926664,0.384975642,0,-0.384975642,0.922926664,0,0,0,0.999999881],"scale":1.15639603,"type":"palm_small"}
{"ctxid":1,"pos":[332.986786,-116.435776,955.47467],"rotationMatrix":[0.59784162,0.801614225,0,-0.801614225,0.59784162,0,0,0,0.999999881],"scale":0.795334041,"type":"palm_small"}
{"ctxid":1,"pos":[335.720459,-116.174889,955.452148],"rotationMatrix":[0.166292533,0.986076415,0,-0.986076415,0.166292533,0,0,0,0.999999881],"scale":1.480654,"type":"palm_small"}
{"ctxid":1,"pos":[340.420135,-126.097694,954.979553],"rotationMatrix":[-0.958708465,0.284390539,0,-0.284390539,-0.958708465,0,0,0,0.999999881],"scale":1.04424524,"type":"palm_small"}
{"ctxid":1,"pos":[332.450439,-137.589798,954.494263],"rotationMatrix":[0.999971807,0.00749277323,0,-0.00749277323,0.999971807,0,0,0,0.999999881],"scale":0.754559934,"type":"palm_small"}
{"ctxid":1,"pos":[327.262238,-142.404236,954.321167],"rotationMatrix":[-0.998939097,-0.0460479967,0,0.0460479967,-0.998939097,0,0,0,0.999999881],"scale":0.970217824,"type":"palm_small"}
{"ctxid":1,"pos":[323.194427,-147.324341,954.098145],"rotationMatrix":[-0.927937627,-0.37273553,0,0.37273553,-0.927937627,0,0,0,0.999999881],"scale":0.911752641,"type":"palm_small"}
{"ctxid":1,"pos":[-77.6985016,-674.752747,933.802856],"rotationMatrix":[-0.951528609,0.307559937,0,-0.307559937,-0.951528609,0,0,0,0.999999881],"scale":1.11446428,"type":"palm_small"}
{"ctxid":1,"pos":[-80.0939178,-673.435181,933.680298],"rotationMatrix":[0.695313931,0.718706131,0,-0.718706131,0.695313931,0,0,0,0.999999881],"scale":1.22310817,"type":"palm_small"}
{"ctxid":1,"pos":[-78.8211212,-676.143616,933.830688],"rotationMatrix":[0.969133258,0.246537402,0,-0.246537402,0.969133258,0,0,0,0.999999881],"scale":0.750779331,"type":"palm_small"}
{"ctxid":1,"pos":[-75.1983795,-673.579773,933.820496],"rotationMatrix":[0.54502964,-0.838416636,0,0.838416636,0.54502964,0,0,0,0.999999881],"scale":1.04949307,"type":"palm_small"}
{"ctxid":1,"pos":[-77.657814,-672.688232,933.714844],"rotationMatrix":[-0.567771554,0.823185921,0,-0.823185921,-0.567771554,0,0,0,0.999999881],"scale":0.761350513,"type":"palm_small"}
{"ctxid":1,"pos":[14.4113264,-544.598816,934.908203],"rotationMatrix":[0.896287143,0.443474054,0,-0.443474054,0.896287143,0,0,0,0.999999881],"scale":1.40429223,"type":"palm_small"}
{"ctxid":1,"pos":[30.5227451,-532.761658,934.861389],"rotationMatrix":[-0.779220641,0.626749396,0,-0.626749396,-0.779220641,0,0,0,0.999999881],"scale":1.11511302,"type":"palm_small"}
{"ctxid":1,"pos":[23.2151756,-530.234863,934.924438],"rotationMatrix":[0.944680452,0.327992082,0,-0.327992082,0.944680452,0,0,0,0.999999881],"scale":1.21497309,"type":"palm_small"}
{"ctxid":1,"pos":[12.9315414,-555.509766,934.863403],"rotationMatrix":[-0.598119557,-0.801406741,0,0.801406741,-0.598119557,0,0,0,0.999999881],"scale":0.96246171,"type":"palm_small"}
{"ctxid":1,"pos":[8.13959789,-551.713013,934.922241],"rotationMatrix":[0.737866998,0.674946129,0,-0.674946129,0.737866998,0,0,0,0.999999881],"scale":0.92774725,"type":"palm_small"}
{"ctxid":1,"pos":[7.35733318,-554.240723,934.916626],"rotationMatrix":[-0.999997437,0.00221737823,0,-0.00221737823,-0.999997437,0,0,0,0.999999881],"scale":0.901738882,"type":"palm_small"}
{"ctxid":1,"pos":[18.7703209,-546.672546,934.858887],"rotationMatrix":[-0.92113626,-0.389240205,0,0.389240205,-0.92113626,0,0,0,0.999999881],"scale":1.39667034,"type":"palm_small"}
{"ctxid":1,"pos":[62.7199402,-568.549988,935.035645],"rotationMatrix":[-0.669200003,0.743082106,0,-0.743082106,-0.669200003,0,0,0,0.999999881],"scale":1.35306132,"type":"palm_small"}
{"ctxid":1,"pos":[58.1989822,-572.775208,935.010498],"rotationMatrix":[-0.627067804,0.77896446,0,-0.77896446,-0.627067804,0,0,0,0.999999881],"scale":1.04484653,"type":"palm_small"}
