{"ctxid":1,"pos":[-1015.75714,-95.6067657,979.566406],"rotationMatrix":[-0.551229596,0.834353387,0,-0.834353387,-0.551229596,0,0,0,0.999999881],"scale":1,"type":"tro_tree_2_large"}
{"ctxid":1,"pos":[-1010.77911,-84.8357468,980.213501],"rotationMatrix":[-0.982494652,0.186290234,0,-0.186290234,-0.982494652,0,0,0,0.999999881],"scale":1,"type":"tro_tree_2_large"}
{"ctxid":1,"pos":[-980.593689,-135.793945,976.333984],"rotationMatrix":[0.637104213,0.770777643,0,-0.770777643,0.637104213,0,0,0,0.999999881],"scale":1,"type":"tro_tree_2_large"}
{"ctxid":1,"pos":[-975.951294,-137.569733,976.195435],"rotationMatrix":[-0.999756038,-0.0220833048,0,0.0220833048,-0.999756038,0,0,0,0.999999881],"scale":1,"type":"tro_tree_2_large"}
{"ctxid":1,"pos":[-945.050049,-181.268433,972.771484],"rotationMatrix":[0.750675857,-0.660670519,0,0.660670519,0.750675857,0,0,0,0.999999881],"scale":1,"type":"tro_tree_2_large"}
{"ctxid":1,"pos":[-948.936096,-181.502777,972.631104],"rotationMatrix":[0.114361718,-0.993439019,0,0.993439019,0.114361718,0,0,0,0.999999881],"scale":1,"type":"tro_tree_2_large"}
{"ctxid":1,"pos":[-917.22876,-194.772583,971.330444],"rotationMatrix":[-0.324665219,0.945828855,0,-0.945828855,-0.324665219,0,0,0,0.999999881],"scale":1,"type":"tro_tree_2_large"}
{"ctxid":1,"pos":[-918.467712,-204.762283,970.656799],"rotationMatrix":[-0.283686697,-0.958916962,0,0.958916962,-0.283686697,0,0,0,0.999999881],"scale":1,"type":"tro_tree_2_large"}
{"ctxid":1,"pos":[-873.778259,-234.863922,966.054199],"rotationMatrix":[0.991395056,-0.130902693,0,0.130902693,0.991395056,0,0,0,0.999999881],"scale":1,"type":"tro_tree_2_large"}
{"ctxid":1,"pos":[-877.694946,-230.347717,966.300781],"rotationMatrix":[0.321072727,-0.947054386,0,0.947054386,0.321072727,0,0,0,0.999999881],"scale":1,"type":"tro_tree_2_large"}
{"ctxid":1,"pos":[-856.603027,-283.782806,964.569214],"rotationMatrix":[0.175170988,0.984538019,0,-0.984538019,0.175170988,0,0,0,0.999999881],"scale":1,"type":"tro_tree_2_large"}
{"ctxid":1,"pos":[-855.736267,-276.032043,964.834595],"rotationMatrix":[0.92057395,0.390568197,0,-0.390568197,0.92057395,0,0,0,0.999999881],"scale":1,"type":"tro_tree_2_large"}
{"ctxid":1,"pos":[-801.669373,-336.115448,960.35675],"rotationMatrix":[0.796418071,-0.604746342,0,0.604746342,0.796418071,0,0,0,0.999999881],"scale":1,"type":"tro_tree_2_large"}
{"ctxid":1,"pos":[-805.610168,-334.178375,960.516846],"rotationMatrix":[0.79102248,0.611787021,0,-0.611787021,0.79102248,0,0,0,0.999999881],"scale":1,"type":"tro_tree_2_large"}
{"ctxid":1,"pos":[-792.401917,-359.478638,958.075684],"rotationMatrix":[-0.926335573,-0.37669915,0,0.37669915,-0.926335573,0,0,0,0.999999881],"scale":1,"type":"tro_tree_2_large"}
{"ctxid":1,"pos":[-799.481995,-352.135895,958.978882],"rotationMatrix":[0.114778832,0.993390977,0,-0.993390977,0.114778832,0,0,0,0.999999881],"scale":1,"type":"tro_tree_2_large"}
{"ctxid":1,"pos":[-787.337585,-373.805908,956.664185],"rotationMatrix":[0.345662326,0.938358963,0,-0.938358963,0.345662326,0,0,0,0.999999881],"scale":1,"type":"tro_tree_2_large"}
{"ctxid":1,"pos":[-780.836182,-369.300446,956.636108],"rotationMatrix":[0.976094902,0.217344522,0,-0.217344522,0.976094902,0,0,0,0.999999881],"scale":1,"type":"tro_tree_2_large"}
{"ctxid":1,"pos":[-802.47876,-344.658234,959.720581],"rotationMatrix":[-0.311061472,0.950389683,0,-0.950389683,-0.311061472,0,0,0,0.999999881],"scale":1,"type":"tro_tree_2_large"}
{"ctxid":1,"pos":[-801.715027,-339.017365,960.146362],"rotationMatrix":[-0.85291791,0.522044957,0,-0.522044957,-0.85291791,0,0,0,0.999999881],"scale":1,"type":"tro_tree_2_large"}
{"ctxid":1,"pos":[-820.542419,-315.161835,961.286987],"rotationMatrix":[0.131070212,0.991373003,0,-0.991373003,0.131070212,0,0,0,0.999999881],"scale":1,"type":"tro_tree_2_large"}
{"ctxid":1,"pos":[-820.042419,-323.062805,960.981689],"rotationMatrix":[-0.200927511,0.979605973,0,-0.979605973,-0.200927511,0,0,0,0.999999881],"scale":1,"type":"tro_tree_2_large"}
{"ctxid":1,"pos":[-828.046021,-303.490631,962.050171],"rotationMatrix":[0.818929553,0.573894024,0,-0.573894024,0.818929553,0,0,0,0.999999881],"scale":1,"type":"tro_tree_2_large"}
{"ctxid":1,"pos":[-828.987793,-298.121582,962.396545],"rotationMatrix":[0.753519595,-0.657425344,0,0.657425344,0.753519595,0,0,0,0.999999881],"scale":1,"type":"tro_tree_2_large"}
{"ctxid":1,"pos":[-848.366577,-283.998108,964.165283],"rotationMatrix":[0.534469604,-0.845187545,0,0.845187545,0.534469604,0,0,0,0.999999881],"scale":1,"type":"tro_tree_2_large"}
{"ctxid":1,"pos":[-849.346436,-281.599213,964.321777],"rotationMatrix":[-0.259472311,0.965750456,0,-0.965750456,-0.259472311,0,0,0,0.999999881],"scale":1,"type":"tro_tree_2_large"}
{"ctxid":1,"pos":[-882.642944,-249.85614,966.474731],"rotationMatrix":[-0.651899397,0.758305192,0,-0.758305192,-0.651899397,0,0,0,0.999999881],"scale":1,"type":"tro_tree_2_large"}
{"ctxid":1,"pos":[-877.367981,-254.304718,966.198975],"rotationMatrix":[-0.678450525,-0.734645903,0,0.734645903,-0.678450525,0,0,0,0.999999881],"scale":1,"type":"tro_tree_2_large"}
{"ctxid":1,"pos":[-903.863159,-223.113571,968.580017],"rotationMatrix":[0.887866437,-0.460101128,0,0.460101128,0.887866437,0,0,0,0.999999881],"scale":1,"type":"tro_tree_2_large"}
{"ctxid":1,"pos":[-902.916687,-214.16951,968.865112],"rotationMatrix":[0.903540194,-0.428503156,0,0.428503156,0.903540194,0,0,0,0.999999881],"scale":1,"type":"tro_tree_2_large"}
{"ctxid":1,"pos":[-929.78595,-189.392441,972.308472],"rotationMatrix":[-0.988725424,0.14973934,0,-0.14973934,-0.988725424,0,0,0,0.999999881],"scale":1,"type":"tro_tree_2_large"}
{"ctxid":1,"pos":[-931.035278,-191.663498,972.029663],"rotationMatrix":[0.727776051,0.685814857,0,-0.685814857,0.727776051,0,0,0,0.999999881],"scale":1,"type":"tro_tree_2_large"}
{"ctxid":1,"pos":[-936.502502,-182.33139,972.938965],"rotationMatrix":[0.112105414,0.993696272,0,-0.993696272,0.112105414,0,0,0,0.999999881],"scale":1,"type":"tro_tree_2_large"}
{"ctxid":1,"pos":[-931.680786,-184.910446,972.67395],"rotationMatrix":[0.256275326,0.966603816,0,-0.966603816,0.256275326,0,0,0,0.999999881],"scale":1,"type":"tro_tree_2_large"}
{"ctxid":1,"pos":[-957.401062,-157.116714,974.761719],"rotationMatrix":[-0.988503635,0.151196226,0,-0.151196226,-0.988503635,0,0,0,0.999999881],"scale":1,"type":"tro_tree_2_large"}
{"ctxid":1,"pos":[-954.944824,-163.948532,974.208862],"rotationMatrix":[0.529146314,-0.848530471,0,0.848530471,0.529146314,0,0,0,0.999999881],"scale":1,"type":"tro_tree_2_large"}
{"ctxid":1,"pos":[-970.026306,-144.977951,975.626465],"rotationMatrix":[-0.7657336,-0.643157899,0,0.643157899,-0.7657336,0,0,0,0.999999881],"scale":1,"type":"tro_tree_2_large"}
{"ctxid":1,"pos":[-981.563965,-130.12352,976.781433],"rotationMatrix":[0.121061355,0.992644966,0,-0.992644966,0.121061355,0,0,0,0.999999881],"scale":1,"type":"tro_tree_2_large"}
{"ctxid":1,"pos":[-1001.21606,-111.199089,978.401184],"rotationMatrix":[0.994818926,-0.101661578,0,0.101661578,0.994818926,0,0,0,0.999999881],"scale":1,"type":"tro_tree_2_large"}
{"ctxid":1,"pos":[-996.105835,-101.882874,979.009155],"rotationMatrix":[0.96686691,0.255280674,0,-0.255280674,0.96686691,0,0,0,0.999999881],"scale":1,"type":"tro_tree_2_large"}
{"ctxid":1,"pos":[-1007.08783,-94.9574661,979.531372],"rotationMatrix":[-0.795369208,-0.606125116,0,0.606125116,-0.795369208,0,0,0,0.999999881],"scale":1,"type":"tro_tree_2_large"}
{"ctxid":1,"pos":[-929.138489,-196.357452,971.526672],"rotationMatrix":[-0.780495465,-0.625161231,0,0.625161231,-0.780495465,0,0,0,0.999999881],"scale":1,"type":"tro_tree_2_large"}
{"ctxid":1,"pos":[-935.816956,-199.173706,971.029358],"rotationMatrix":[-0.355284214,0.934758186,0,-0.934758186,-0.355284214,0,0,0,0.999999881],"scale":1,"type":"tro_tree_2_large"}
{"ctxid":1,"pos":[-909.96405,-208.010605,969.845703],"rotationMatrix":[0.998345137,0.0575051606,0,-0.0575051606,0.998345137,0,0,0,0.999999881],"scale":1,"type":"tro_tree_2_large"}
{"ctxid":1,"pos":[-885.496643,-220.372375,967.123779],"rotationMatrix":[0.854834259,-0.518900931,0,0.518900931,0.854834259,0,0,0,0.999999881],"scale":1,"type":"tro_tree_2_large"}
{"ctxid":1,"pos":[-886.152893,-225.798508,966.958008],"rotationMatrix":[-0.873257399,-0.48725906,0,0.48725906,-0.873257399,0,0,0,0.999999881],"scale":1,"type":"tro_tree_2_large"}
{"ctxid":1,"pos":[107.846329,-547.740173,936.929443],"rotationMatrix":[0.493138552,-0.869950712,0,0.869950712,0.493138552,0,0,0,0.999999881],"scale":1,"type":"tro_tree_2_large"}
{"ctxid":1,"pos":[126.382034,-534.400696,936.523132],"rotationMatrix":[0.16858241,0.985687494,0,-0.985687494,0.16858241,0,0,0,0.999999881],"scale":1,"type":"tro_tree_2_large"}
{"ctxid":1,"pos":[143.458038,-527.426819,936.577881],"rotationMatrix":[-0.281299859,0.95961982,0,-0.95961982,-0.281299859,0,0,0,0.999999881],"scale":1,"type":"tro_tree_2_large"}
{"ctxid":1,"pos":[168.349731,-526.745361,937.650391],"rotationMatrix":[-0.990970731,-0.134077996,0,0.134077996,-0.990970731,0,0,0,0.999999881],"scale":1,"type":"tro_tree_2_large"}
{"ctxid":1,"pos":[227.206314,-515.694214,937.532349],"rotationMatrix":[-0.791970849,-0.610558689,0,0.610558689,-0.791970849,0,0,0,0.999999881],"scale":1,"type":"tro_tree_2_large"}
{"ctxid":1,"pos":[276.390259,-498.821564,938.241943],"rotationMatrix":[-0.828403711,-0.560131311,0,0.560131311,-0.828403711,0,0,0,0.999999881],"scale":1,"type":"tro_tree_2_large"}
{"ctxid":1,"pos":[302.200378,-502.091095,939.434692],"rotationMatrix":[-0.852037489,-0.523480594,0,0.523480594,-0.852037489,0,0,0,0.999999881],"scale":1,"type":"tro_tree_2_large"}
{"ctxid":1,"pos":[347.129608,-507.757935,939.857788],"rotationMatrix":[-0.255671859,-0.966763556,0,0.966763556,-0.255671859,0,0,0,0.999999881],"scale":1,"type":"tro_tree_2_large"}
{"ctxid":1,"pos":[352.050873,-505.620422,939.827087],"rotationMatrix":[0.853713155,-0.52074343,0,0.52074343,0.853713155,0,0,0,0.999999881],"scale":1,"type":"tro_tree_2_large"}
{"ctxid":1,"pos":[308.024048,-500.90567,939.311035],"rotationMatrix":[0.57142812,-0.820652008,0,0.820652008,0.57142812,0,0,0,0.999999881],"scale":1,"type":"tro_tree_2_large"}
{"ctxid":1,"pos":[241.556946,-501.839935,937.113892],"rotationMatrix":[0.988128483,0.153629109,0,-0.153629109,0.988128483,0,0,0,0.999999881],"scale":1,"type":"tro_tree_2_large"}
{"ctxid":1,"pos":[216.971375,-511.858765,937.147217],"rotationMatrix":[0.641637683,0.767007887,0,-0.767007887,0.641637683,0,0,0,0.999999881],"scale":1,"type":"tro_tree_2_large"}
{"ctxid":1,"pos":[152.324936,-523.059326,936.584351],"rotationMatrix":[-0.471232116,-0.882009089,0,0.882009089,-0.471232116,0,0,0,0.999999881],"scale":1,"type":"tro_tree_2_large"}
{"ctxid":1,"pos":[129.135391,-532.409058,936.424377],"rotationMatrix":[-0.53038013,-0.847759902,0,0.847759902,-0.53038013,0,0,0,0.999999881],"scale":1,"type":"tro_tree_2_large"}
{"ctxid":1,"pos":[106.432907,-539.78009,936.388672],"rotationMatrix":[0.812193334,-0.58338815,0,0.58338815,0.812193334,0,0,0,0.999999881],"scale":1,"type":"tro_tree_2_large"}
{"ctxid":1,"pos":[422.747528,-560.565857,929.997437],"rotationMatrix":[0.58942306,-0.807824314,0,0.807824314,0.58942306,0,0,0,0.999999881],"scale":1,"type":"tro_tree_2_large"}
{"ctxid":1,"pos":[404.455475,-547.204834,935.862061],"rotationMatrix":[-0.0570998229,-0.998368382,0,0.998368382,-0.0570998229,0,0,0,0.999999881],"scale":1,"type":"tro_tree_2_large"}
{"ctxid":1,"pos":[402.149231,-547.974976,936.598145],"rotationMatrix":[0.420565754,0.907262027,0,-0.907262027,0.420565754,0,0,0,0.999999881],"scale":1,"type":"tro_tree_2_large"}
{"ctxid":1,"pos":[388.445831,-532.22406,938.380554],"rotationMatrix":[0.895020664,0.446024567,0,-0.446024567,0.895020664,0,0,0,0.999999881],"scale":1,"type":"tro_tree_2_large"}
{"ctxid":1,"pos":[415.073151,-586.438049,940.995605],"rotationMatrix":[-0.994493723,0.104795411,0,-0.104795411,-0.994493723,0,0,0,0.999999881],"scale":1,"type":"tro_tree_2_large"}
{"ctxid":1,"pos":[412.787811,-566.457275,935.842896],"rotationMatrix":[0.133265659,-0.991080344,0,0.991080344,0.133265659,0,0,0,0.999999881],"scale":1,"type":"tro_tree_2_large"}
{"ctxid":1,"pos":[402.875793,-567.566895,938.897339],"rotationMatrix":[0.641843557,-0.766835511,0,0.766835511,0.641843557,0,0,0,0.999999881],"scale":1,"type":"tro_tree_2_large"}
{"ctxid":1,"pos":[435.377625,-598.434387,943.038147],"rotationMatrix":[0.992712915,-0.12050274,0,0.12050274,0.992712915,0,0,0,0.999999881],"scale":1,"type":"tro_tree_2_large"}
{"ctxid":1,"pos":[439.416687,-604.099426,943.729553],"rotationMatrix":[-0.748116374,0.663567483,0,-0.663567483,-0.748116374,0,0,0,0.999999881],"scale":1,"type":"tro_tree_2_large"}
{"ctxid":1,"pos":[487.618073,-614.850952,941.84729],"rotationMatrix":[0.0626565069,0.998035073,0,-0.998035073,0.0626565069,0,0,0,0.999999881],"scale":1,"type":"tro_tree_2_large"}
{"ctxid":1,"pos":[493.843872,-617.624207,942.284302],"rotationMatrix":[-0.992008388,-0.126170486,0,0.126170486,-0.992008388,0,0,0,0.999999881],"scale":1,"type":"tro_tree_2_large"}
{"ctxid":1,"pos":[478.789062,-623.918213,943.209229],"rotationMatrix":[0.0903152972,0.995913208,0,-0.995913208,0.0903152972,0,0,0,0.999999881],"scale":1,"type":"tro_tree_2_large"}
{"ctxid":1,"pos":[475.362732,-609.947205,941.17572],"rotationMatrix":[-0.68204385,-0.731311083,0,0.731311083,-0.68204385,0,0,0,0.999999881],"scale":1,"type":"tro_tree_2_large"}
{"ctxid":1,"pos":[473.191681,-619.281738,942.388367],"rotationMatrix":[0.92094487,0.389692724,0,-0.389692724,0.92094487,0,0,0,0.999999881],"scale":1,"type":"tro_tree_2_large"}
{"ctxid":1,"pos":[487.112,-630.095276,944.436035],"rotationMatrix":[0.797842801,-0.602865458,0,0.602865458,0.797842801,0,0,0,0.999999881],"scale":1,"type":"tro_tree_2_large"}
{"ctxid":1,"pos":[460.031464,-568.474731,931.680359],"rotationMatrix":[0.967152894,0.254195213,0,-0.254195213,0.967152894,0,0,0,0.999999881],"scale":1,"type":"tro_tree_2_large"}
{"ctxid":1,"pos":[502.552002,-573.243958,941.855225],"rotationMatrix":[-0.998910785,0.0466585793,0,-0.0466585793,-0.998910785,0,0,0,0.999999881],"scale":1,"type":"tro_tree_2_large"}
{"ctxid":1,"pos":[501.751373,-589.752686,941.352112],"rotationMatrix":[-0.826290786,0.563243508,0,-0.563243508,-0.826290786,0,0,0,0.999999881],"scale":1,"type":"tro_tree_2_large"}
{"ctxid":1,"pos":[482.154907,-577.448792,940.185669],"rotationMatrix":[0.387120366,0.922029197,0,-0.922029197,0.387120366,0,0,0,0.999999881],"scale":1,"type":"tro_tree_2_large"}
{"ctxid":1,"pos":[568.969421,-596.596985,944.741943],"rotationMatrix":[-0.85213536,0.52332139,0,-0.52332139,-0.85213536,0,0,0,0.999999881],"scale":1,"type":"tro_tree_2_large"}
{"ctxid":1,"pos":[568.251221,-578.257874,944.78064],"rotationMatrix":[-0.925313532,0.379202634,0,-0.379202634,-0.925313532,0,0,0,0.999999881],"scale":1,"type":"tro_tree_2_large"}
{"ctxid":1,"pos":[553.44397,-593.749939,944.342285],"rotationMatrix":[0.893223464,-0.449612856,0,0.449612856,0.893223464,0,0,0,0.999999881],"scale":1,"type":"tro_tree_2_large"}
{"ctxid":1,"pos":[551.639832,-585.245422,943.981018],"rotationMatrix":[-0.961589158,0.274492294,0,-0.274492294,-0.961589158,0,0,0,0.999999881],"scale":1,"type":"tro_tree_2_large"}
{"ctxid":1,"pos":[558.858521,-581.321472,944.350586],"rotationMatrix":[-0.425341278,0.905032873,0,-0.905032873,-0.425341278,0,0,0,0.999999881],"scale":1,"type":"tro_tree_2_large"}
{"ctxid":1,"pos":[560.878418,-592.188293,944.591064],"rotationMatrix":[0.498788983,-0.866723359,0,0.866723359,0.498788983,0,0,0,0.999999881],"scale":1,"type":"tro_tree_2_large"}
{"ctxid":1,"pos":[639.199585,-601.215271,948.090332],"rotationMatrix":[0.258654445,-0.965969861,0,0.965969861,0.258654445,0,0,0,0.999999881],"scale":1,"type":"tro_tree_2_large"}
{"ctxid":1,"pos":[661.897949,-589.088684,947.005249],"rotationMatrix":[0.253958017,-0.967215121,0,0.967215121,0.253958017,0,0,0,0.999999881],"scale":1,"type":"tro_tree_2_large"}
{"ctxid":1,"pos":[656.648132,-592.672485,947.255066],"rotationMatrix":[0.785841942,-0.618427217,0,0.618427217,0.785841942,0,0,0,0.999999881],"scale":1,"type":"tro_tree_2_large"}
{"ctxid":1,"pos":[649.82373,-601.154541,947.9245],"rotationMatrix":[-0.8649472,-0.501862705,0,0.501862705,-0.8649472,0,0,0,0.999999881],"scale":1,"type":"tro_tree_2_large"}
{"ctxid":1,"pos":[653.24054,-594.9375,947.464905],"rotationMatrix":[0.696839809,-0.717226684,0,0.717226684,0.696839809,0,0,0,0.999999881],"scale":1,"type":"tro_tree_2_large"}
{"ctxid":1,"pos":[651.958435,-602.394165,947.950562],"rotationMatrix":[0.772538602,-0.634967685,0,0.634967685,0.772538602,0,0,0,0.999999881],"scale":1,"type":"tro_tree_2_large"}
{"ctxid":1,"pos":[682.9021,-571.09314,950.251709],"rotationMatrix":[0.965429544,0.260663897,0,-0.260663897,0.965429544,0,0,0,0.999999881],"scale":1,"type":"tro_tree_2_large"}
{"ctxid":1,"pos":[692.357117,-570.336853,950.932556],"rotationMatrix":[0.991697133,0.128594756,0,-0.128594756,0.991697133,0,0,0,0.999999881],"scale":1,"type":"tro_tree_2_large"}
{"ctxid":1,"pos":[702.696533,-585.941895,947.285889],"rotationMatrix":[0.919741511,-0.392524213,0,0.392524213,0.919741511,0,0,0,0.999999881],"scale":1,"type":"tro_tree_2_large"}
{"ctxid":1,"pos":[681.414368,-584.828064,947.139282],"rotationMatrix":[-0.500195444,0.865912378,0,-0.865912378,-0.500195444,0,0,0,0.999999881],"scale":1,"type":"tro_tree_2_large"}
{"ctxid":1,"pos":[684.32251,-577.853821,948.653809],"rotationMatrix":[0.774142802,0.633010983,0,-0.633010983,0.774142802,0,0,0,0.999999881],"scale":1,"type":"tro_tree_2_large"}
{"ctxid":1,"pos":[761.374878,-583.835449,955.522583],"rotationMatrix":[-0.996737778,-0.0807075575,0,0.0807075575,-0.996737778,0,0,0,0.999999881],"scale":1,"type":"tro_tree_2_large"}
{"ctxid":1,"pos":[763.017517,-606.686584,954.934814],"rotationMatrix":[0.523364604,0.852108896,0,-0.852108896,0.523364604,0,0,0,0.999999881],"scale":1,"type":"tro_tree_2_large"}
{"ctxid":1,"pos":[754.384033,-599.325806,953.948425],"rotationMatrix":[-0.393678665,-0.919248044,0,0.919248044,-0.393678665,0,0,0,0.999999881],"scale":1,"type":"tro_tree_2_large"}
{"ctxid":1,"pos":[758.292969,-602.190186,954.421265],"rotationMatrix":[-0.83570689,-0.549175739,0,0.549175739,-0.83570689,0,0,0,0.999999881],"scale":1,"type":"tro_tree_2_large"}
{"ctxid":1,"pos":[744.433411,-588.953064,952.940308],"rotationMatrix":[0.820876777,-0.571105063,0,0.571105063,0.820876777,0,0,0,0.999999881],"scale":1,"type":"tro_tree_2_large"}
{"ctxid":1,"pos":[748.618896,-593.876526,953.302368],"rotationMatrix":[-0.987680197,-0.156485289,0,0.156485289,-0.987680197,0,0,0,0.999999881],"scale":1,"type":"tro_tree_2_large"}
{"ctxid":1,"pos":[798.388123,-669.802368,957.744751],"rotationMatrix":[0.928123057,-0.372273266,0,0.372273266,0.928123057,0,0,0,0.999999881],"scale":1,"type":"tro_tree_2_large"}
{"ctxid":1,"pos":[800.333496,-674.3078,958.062805],"rotationMatrix":[-0.868397415,0.495868653,0,-0.495868653,-0.868397415,0,0,0,0.999999881],"scale":1,"type":"tro_tree_2_large"}
{"ctxid":1,"pos":[798.268005,-678.848816,958.240417],"rotationMatrix":[-0.861099184,0.50843668,0,-0.50843668,-0.861099184,0,0,0,0.999999881],"scale":1,"type":"tro_tree_2_large"}
{"ctxid":1,"pos":[797.009827,-675.103455,957.915527],"rotationMatrix":[-0.518550456,0.855046868,0,-0.855046868,-0.518550456,0,0,0,0.999999881],"scale":1,"type":"tro_tree_2_large"}
{"ctxid":1,"pos":[804.879272,-683.312683,959.047485],"rotationMatrix":[0.424908906,-0.905236006,0,0.905236006,0.424908906,0,0,0,0.999999881],"scale":1,"type":"tro_tree_2_large"}
{"ctxid":1,"pos":[787.281189,-684.393738,958.150696],"rotationMatrix":[0.208737567,0.977971613,0,-0.977971613,0.208737567,0,0,0,0.999999881],"scale":1,"type":"tro_tree_2_large"}
{"ctxid":1,"pos":[807.681946,-678.243042,958.784302],"rotationMatrix":[0.844053864,-0.536258042,0,0.536258042,0.844053864,0,0,0,0.999999881],"scale":1,"type":"tro_tree_2_large"}
{"ctxid":1,"pos":[779.503601,-754.908569,964.218872],"rotationMatrix":[-0.791997373,-0.610524297,0,0.610524297,-0.791997373,0,0,0,0.999999881],"scale":1,"type":"tro_tree_2_large"}
{"ctxid":1,"pos":[771.687073,-757.080139,963.816162],"rotationMatrix":[-0.99809444,0.0617034063,0,-0.0617034063,-0.99809444,0,0,0,0.999999881],"scale":1,"type":"tro_tree_2_large"}
{"ctxid":1,"pos":[779.157532,-750.978455,964.010986],"rotationMatrix":[-0.632401705,0.774640381,0,-0.774640381,-0.632401705,0,0,0,0.999999881],"scale":1,"type":"tro_tree_2_large"}
{"ctxid":1,"pos":[783.204468,-744.552063,964.120728],"rotationMatrix":[0.762556791,0.646921217,0,-0.646921217,0.762556791,0,0,0,0.999999881],"scale":1,"type":"tro_tree_2_large"}
{"ctxid":1,"pos":[772.367859,-745.440002,963.064819],"rotationMatrix":[-0.999554873,-0.0298309475,0,0.0298309475,-0.999554873,0,0,0,0.999999881],"scale":1,"type":"tro_tree_2_large"}
{"ctxid":1,"pos":[722.534485,-757.465454,963.22876],"rotationMatrix":[0.961827457,-0.273656219,0,0.273656219,0.961827457,0,0,0,0.999999881],"scale":1,"type":"tro_tree_2_large"}
{"ctxid":1,"pos":[718.74884,-752.543823,962.788452],"rotationMatrix":[0.982771337,0.184825495,0,-0.184825495,0.982771337,0,0,0,0.999999881],"scale":1,"type":"tro_tree_2_large"}
{"ctxid":1,"pos":[724.633972,-751.441772,962.633789],"rotationMatrix":[0.238877192,-0.971049726,0,0.971049726,0.238877192,0,0,0,0.999999881],"scale":1,"type":"tro_tree_2_large"}
{"ctxid":1,"pos":[729.62207,-766.286133,964.079224],"rotationMatrix":[-0.295287877,-0.955408216,0,0.955408216,-0.295287877,0,0,0,0.999999881],"scale":1,"type":"tro_tree_2_large"}
{"ctxid":1,"pos":[736.613098,-748.30011,962.303467],"rotationMatrix":[0.646346092,-0.763044238,0,0.763044238,0.646346092,0,0,0,0.999999881],"scale":1,"type":"tro_tree_2_large"}
{"ctxid":1,"pos":[701.572571,-686.57373,955.428345],"rotationMatrix":[0.273145884,-0.961972535,0,0.961972535,0.273145884,0,0,0,0.999999881],"scale":1,"type":"tro_tree_2_large"}
{"ctxid":1,"pos":[700.836182,-672.967651,954.126221],"rotationMatrix":[0.955440462,-0.29518348,0,0.29518348,0.955440462,0,0,0,0.999999881],"scale":1,"type":"tro_tree_2_large"}
{"ctxid":1,"pos":[688.751404,-681.797363,954.172607],"rotationMatrix":[-0.0352722555,0.999377668,0,-0.999377668,-0.0352722555,0,0,0,0.999999881],"scale":1,"type":"tro_tree_2_large"}
{"ctxid":1,"pos":[698.961853,-674.086121,954.101074],"rotationMatrix":[0.0175306704,0.99984622,0,-0.99984622,0.0175306704,0,0,0,0.999999881],"scale":1,"type":"tro_tree_2_large"}
{"ctxid":1,"pos":[689.796265,-670.272522,953.081543],"rotationMatrix":[-0.652056694,0.758169949,0,-0.758169949,-0.652056694,0,0,0,0.999999881],"scale":1,"type":"tro_tree_2_large"}
{"ctxid":1,"pos":[690.737,-697.843506,955.947998],"rotationMatrix":[0.0044643092,0.999989986,0,-0.999989986,0.0044643092,0,0,0,0.999999881],"scale":1,"type":"tro_tree_2_large"}
{"ctxid":1,"pos":[689.736877,-707.025391,956.895447],"rotationMatrix":[-0.242554173,0.970137775,0,-0.970137775,-0.242554173,0,0,0,0.999999881],"scale":1,"type":"tro_tree_2_large"}
{"ctxid":1,"pos":[684.279114,-695.631897,955.353882],"rotationMatrix":[-0.792988479,-0.609236658,0,0.609236658,-0.792988479,0,0,0,0.999999881],"scale":1,"type":"tro_tree_2_large"}
{"ctxid":1,"pos":[695.276001,-700.988586,956.502991],"rotationMatrix":[0.0376080088,-0.999292493,0,0.999292493,0.0376080088,0,0,0,0.999999881],"scale":1,"type":"tro_tree_2_large"}
{"ctxid":1,"pos":[685.74353,-712.792725,957.286377],"rotationMatrix":[-0.971346557,0.237667039,0,-0.237667039,-0.971346557,0,0,0,0.999999881],"scale":1,"type":"tro_tree_2_large"}
{"ctxid":1,"pos":[689.264038,-703.785095,956.510742],"rotationMatrix":[-0.157269776,0.987555563,0,-0.987555563,-0.157269776,0,0,0,0.999999881],"scale":1,"type":"tro_tree_2_large"}
{"ctxid":1,"pos":[737.644104,-751.347534,962.605713],"rotationMatrix":[0.974859953,0.222818345,0,-0.222818345,0.974859953,0,0,0,0.999999881],"scale":1,"type":"tro_tree_2_large"}
{"ctxid":1,"pos":[733.036865,-755.626282,963.023193],"rotationMatrix":[-0.918829441,0.39465484,0,-0.39465484,-0.918829441,0,0,0,0.999999881],"scale":1,"type":"tro_tree_2_large"}
{"ctxid":1,"pos":[751.021118,-677.35321,956.477539],"rotationMatrix":[-0.970306933,0.241876438,0,-0.241876438,-0.970306933,0,0,0,0.999999881],"scale":1,"type":"tro_tree_2_large"}
{"ctxid":1,"pos":[745.843506,-667.069458,955.69812],"rotationMatrix":[0.677295387,-0.735711157,0,0.735711157,0.677295387,0,0,0,0.999999881],"scale":1,"type":"tro_tree_2_large"}
{"ctxid":1,"pos":[749.98291,-666.146606,955.670654],"rotationMatrix":[0.404219121,-0.914662063,0,0.914662063,0.404219121,0,0,0,0.999999881],"scale":1,"type":"tro_tree_2_large"}
{"ctxid":1,"pos":[690.160156,-678.014404,953.875122],"rotationMatrix":[0.301820993,0.953364551,0,-0.953364551,0.301820993,0,0,0,0.999999881],"scale":1,"type":"tro_tree_2_large"}
{"ctxid":1,"pos":[692.652527,-668.252136,953.058105],"rotationMatrix":[0.501364589,0.865236104,0,-0.865236104,0.501364589,0,0,0,0.999999881],"scale":1,"type":"tro_tree_2_large"}
{"ctxid":1,"pos":[696.733704,-685.905151,955.073914],"rotationMatrix":[0.637409568,-0.770525098,0,0.770525098,0.637409568,0,0,0,0.999999881],"scale":1,"type":"tro_tree_2_large"}
{"ctxid":1,"pos":[680.044312,-685.432068,954.047729],"rotationMatrix":[0.742073774,-0.670318067,0,0.670318067,0.742073774,0,0,0,0.999999881],"scale":1,"type":"tro_tree_2_large"}
{"ctxid":1,"pos":[695.54303,-688.20874,955.22467],"rotationMatrix":[0.979006231,-0.203829736,0,0.203829736,0.979006231,0,0,0,0.999999881],"scale":1,"type":"tro_tree_2_large"}
{"ctxid":1,"pos":[696.017639,-691.079529,955.531128],"rotationMatrix":[0.479733616,-0.877414107,0,0.877414107,0.479733616,0,0,0,0.999999881],"scale":1,"type":"tro_tree_2_large"}
{"ctxid":1,"pos":[699.675537,-682.765747,954.971802],"rotationMatrix":[0.469608605,0.882874727,0,-0.882874727,0.469608605,0,0,0,0.999999881],"scale":1,"type":"tro_tree_2_large"}
{"ctxid":1,"pos":[728.11969,-640.530151,952.037537],"rotationMatrix":[-0.96568656,0.259709954,0,-0.259709954,-0.96568656,0,0,0,0.999999881],"scale":1,"type":"tro_tree_2_large"}
{"ctxid":1,"pos":[727.665161,-630.107788,951.105835],"rotationMatrix":[0.283396602,-0.959002674,0,0.959002674,0.283396602,0,0,0,0.999999881],"scale":1,"type":"tro_tree_2_large"}
{"ctxid":1,"pos":[733.006958,-640.347473,952.352051],"rotationMatrix":[0.982408226,-0.186745435,0,0.186745435,0.982408226,0,0,0,0.999999881],"scale":1,"type":"tro_tree_2_large"}
{"ctxid":1,"pos":[737.97644,-638.301025,952.614624],"rotationMatrix":[0.844269395,-0.535918891,0,0.535918891,0.844269395,0,0,0,0.999999881],"scale":1,"type":"tro_tree_2_large"}
{"ctxid":1,"pos":[731.458191,-630.279297,951.418091],"rotationMatrix":[-0.557058513,0.830473065,0,-0.830473065,-0.557058513,0,0,0,0.999999881],"scale":1,"type":"tro_tree_2_large"}
{"ctxid":1,"pos":[711.114197,-714.878479,958.638916],"rotationMatrix":[0.244975895,-0.969529092,0,0.969529092,0.244975895,0,0,0,0.999999881],"scale":1,"type":"tro_tree_2_large"}
{"ctxid":1,"pos":[707.569641,-708.283203,957.746094],"rotationMatrix":[0.962721109,0.270495743,0,-0.270495743,0.962721109,0,0,0,0.999999881],"scale":1,"type":"tro_tree_2_large"}
{"ctxid":1,"pos":[704.481995,-702.208923,956.981995],"rotationMatrix":[0.183634937,0.982994497,0,-0.982994497,0.183634937,0,0,0,0.999999881],"scale":1,"type":"tro_tree_2_large"}
{"ctxid":1,"pos":[707.300293,-705.175842,957.390503],"rotationMatrix":[0.834177315,-0.551496148,0,0.551496148,0.834177315,0,0,0,0.999999881],"scale":1,"type":"tro_tree_2_large"}
{"ctxid":1,"pos":[715.920105,-701.888733,957.389282],"rotationMatrix":[-0.848504007,-0.529188812,0,0.529188812,-0.848504007,0,0,0,0.999999881],"scale":1,"type":"tro_tree_2_large"}
{"ctxid":1,"pos":[708.770325,-660.828796,953.352051],"rotationMatrix":[-0.516907632,-0.856041014,0,0.856041014,-0.516907632,0,0,0,0.999999881],"scale":1,"type":"tro_tree_2_large"}
{"ctxid":1,"pos":[705.655762,-656.686707,952.723267],"rotationMatrix":[-0.30366376,-0.952779233,0,0.952779233,-0.30366376,0,0,0,0.999999881],"scale":1,"type":"tro_tree_2_large"}
{"ctxid":1,"pos":[713.601562,-671.969543,954.89624],"rotationMatrix":[-0.958710074,-0.284384906,0,0.284384906,-0.958710074,0,0,0,0.999999881],"scale":1,"type":"tro_tree_2_large"}
{"ctxid":1,"pos":[710.945435,-673.582092,954.878662],"rotationMatrix":[0.818859756,0.573993623,0,-0.573993623,0.818859756,0,0,0,0.999999881],"scale":1,"type":"tro_tree_2_large"}
{"ctxid":1,"pos":[722.364502,-627.184326,950.50061],"rotationMatrix":[-0.923413217,-0.383807003,0,0.383807003,-0.923413217,0,0,0,0.999999881],"scale":1,"type":"tro_tree_2_large"}
{"ctxid":1,"pos":[726.964722,-621.333801,950.467834],"rotationMatrix":[0.117575467,-0.993063867,0,0.993063867,0.117575467,0,0,0,0.999999881],"scale":1,"type":"tro_tree_2_large"}
{"ctxid":1,"pos":[723.418213,-617.623108,949.971802],"rotationMatrix":[0.938573182,-0.345080107,0,0.345080107,0.938573182,0,0,0,0.999999881],"scale":1,"type":"tro_tree_2_large"}
{"ctxid":1,"pos":[731.213135,-618.585449,950.742065],"rotationMatrix":[0.0144039728,0.999896169,0,-0.999896169,0.0144039728,0,0,0,0.999999881],"scale":1,"type":"tro_tree_2_large"}
{"ctxid":1,"pos":[748.364197,-669.274292,955.890869],"rotationMatrix":[0.904354632,-0.426781535,0,0.426781535,0.904354632,0,0,0,0.999999881],"scale":1,"type":"tro_tree_2_large"}
{"ctxid":1,"pos":[730.943115,-666.027893,955.201477],"rotationMatrix":[-0.821758449,0.569835603,0,-0.569835603,-0.821758449,0,0,0,0.999999881],"scale":1,"type":"tro_tree_2_large"}
{"ctxid":1,"pos":[726.404419,-657.47937,953.85907],"rotationMatrix":[0.90178591,0.432182968,0,-0.432182968,0.90178591,0,0,0,0.999999881],"scale":1,"type":"tro_tree_2_large"}
{"ctxid":1,"pos":[742.12262,-661.474548,955.082153],"rotationMatrix":[0.969364822,-0.245625004,0,0.245625004,0.969364822,0,0,0,0.999999881],"scale":1,"type":"tro_tree_2_large"}
{"ctxid":1,"pos":[746.281982,-655.339478,954.72113],"rotationMatrix":[-0.40476048,-0.914422691,0,0.914422691,-0.40476048,0,0,0,0.999999881],"scale":1,"type":"tro_tree_2_large"}
{"ctxid":1,"pos":[675.060974,-635.381287,949.462158],"rotationMatrix":[0.32130307,0.946976423,0,-0.946976423,0.32130307,0,0,0,0.999999881],"scale":1,"type":"tro_tree_2_large"}
{"ctxid":1,"pos":[675.858337,-644.321289,950.154602],"rotationMatrix":[0.557168901,0.830399215,0,-0.830399215,0.557168901,0,0,0,0.999999881],"scale":1,"type":"tro_tree_2_large"}
{"ctxid":1,"pos":[676.285278,-638.046143,949.696655],"rotationMatrix":[-0.399924487,0.916547954,0,-0.916547954,-0.399924487,0,0,0,0.999999881],"scale":1,"type":"tro_tree_2_large"}
{"ctxid":1,"pos":[691.918396,-632.25708,949.609863],"rotationMatrix":[-0.281962425,-0.95942539,0,0.95942539,-0.281962425,0,0,0,0.999999881],"scale":1,"type":"tro_tree_2_large"}
{"ctxid":1,"pos":[683.248962,-629.439941,949.139893],"rotationMatrix":[-0.998832464,0.0483068116,0,-0.0483068116,-0.998832464,0,0,0,0.999999881],"scale":1,"type":"tro_tree_2_large"}
{"ctxid":1,"pos":[686.833618,-682.644409,954.145508],"rotationMatrix":[0.57496655,-0.818176746,0,0.818176746,0.57496655,0,0,0,0.999999881],"scale":1,"type":"tro_tree_2_large"}
{"ctxid":1,"pos":[678.03595,-674.60498,952.848389],"rotationMatrix":[-0.578871548,0.815418541,0,-0.815418541,-0.578871548,0,0,0,0.999999881],"scale":1,"type":"tro_tree_2_large"}
{"ctxid":1,"pos":[671.847595,-672.608337,952.352783],"rotationMatrix":[-0.5628829,0.826536417,0,-0.826536417,-0.5628829,0,0,0,0.999999881],"scale":1,"type":"tro_tree_2_large"}
{"ctxid":1,"pos":[673.979797,-686.556946,953.827454],"rotationMatrix":[-0.459090292,0.888389468,0,-0.888389468,-0.459090292,0,0,0,0.999999881],"scale":1,"type":"tro_tree_2_large"}
{"ctxid":1,"pos":[677.180664,-679.317322,953.272217],"rotationMatrix":[0.353876501,-0.935292065,0,0.935292065,0.353876501,0,0,0,0.999999881],"scale":1,"type":"tro_tree_2_large"}
{"ctxid":1,"pos":[676.887268,-691.181824,954.458252],"rotationMatrix":[-0.156746581,0.987638772,0,-0.987638772,-0.156746581,0,0,0,0.999999881],"scale":1,"type":"tro_tree_2_large"}
{"ctxid":1,"pos":[684.037048,-686.413452,954.375],"rotationMatrix":[0.605814219,-0.795606017,0,0.795606017,0.605814219,0,0,0,0.999999881],"scale":1,"type":"tro_tree_2_large"}
{"ctxid":1,"pos":[686.304016,-685.443359,954.403809],"rotationMatrix":[-0.698213816,0.715889037,0,-0.715889037,-0.698213816,0,0,0,0.999999881],"scale":1,"type":"tro_tree_2_large"}
{"ctxid":1,"pos":[672.02832,-643.155029,949.901611],"rotationMatrix":[0.6124174,0.790534556,0,-0.790534556,0.6124174,0,0,0,0.999999881],"scale":1,"type":"tro_tree_2_large"}
{"ctxid":1,"pos":[679.415894,-620.155884,948.360352],"rotationMatrix":[-0.827257454,0.561822653,0,-0.561822653,-0.827257454,0,0,0,0.999999881],"scale":1,"type":"tro_tree_2_large"}
{"ctxid":1,"pos":[683.957825,-634.025757,949.571167],"rotationMatrix":[0.775181592,0.631738424,0,-0.631738424,0.775181592,0,0,0,0.999999881],"scale":1,"type":"tro_tree_2_large"}
{"ctxid":1,"pos":[679.040283,-633.037109,949.379639],"rotationMatrix":[0.975164592,-0.221480846,0,0.221480846,0.975164592,0,0,0,0.999999881],"scale":1,"type":"tro_tree_2_large"}
{"ctxid":1,"pos":[672.707031,-636.520752,949.467041],"rotationMatrix":[-0.20597057,0.978558123,0,-0.978558123,-0.20597057,0,0,0,0.999999881],"scale":1,"type":"tro_tree_2_large"}
{"ctxid":1,"pos":[686.259277,-623.336121,948.649841],"rotationMatrix":[0.66171819,-0.749752522,0,0.749752522,0.66171819,0,0,0,0.999999881],"scale":1,"type":"tro_tree_2_large"}
{"ctxid":1,"pos":[681.198425,-631.153381,949.259155],"rotationMatrix":[0.984478891,-0.175502747,0,0.175502747,0.984478891,0,0,0,0.999999881],"scale":1,"type":"tro_tree_2_large"}
{"ctxid":1,"pos":[665.039062,-632.023376,948.939819],"rotationMatrix":[0.367877424,0.929874301,0,-0.929874301,0.367877424,0,0,0,0.999999881],"scale":1,"type":"tro_tree_2_large"}
{"ctxid":1,"pos":[581.171143,-609.006348,947.431946],"rotationMatrix":[0.856792271,-0.515661597,0,0.515661597,0.856792271,0,0,0,0.999999881],"scale":1,"type":"tro_tree_2_large"}
{"ctxid":1,"pos":[600.745117,-608.993286,948.211914],"rotationMatrix":[0.689934075,0.723872244,0,-0.723872244,0.689934075,0,0,0,0.999999881],"scale":1,"type":"tro_tree_2_large"}
{"ctxid":1,"pos":[509.421204,-613.453857,942.214722],"rotationMatrix":[0.102954879,-0.994685948,0,0.994685948,0.102954879,0,0,0,0.999999881],"scale":1,"type":"tro_tree_2_large"}
{"ctxid":1,"pos":[501.333008,-621.993103,942.931396],"rotationMatrix":[-0.998731792,0.0503447168,0,-0.0503447168,-0.998731792,0,0,0,0.999999881],"scale":1,"type":"tro_tree_2_large"}
{"ctxid":1,"pos":[511.291718,-615.92334,942.442871],"rotationMatrix":[-0.99954772,-0.0300687812,0,0.0300687812,-0.99954772,0,0,0,0.999999881],"scale":1,"type":"tro_tree_2_large"}
{"ctxid":1,"pos":[508.333282,-628.339905,943.854614],"rotationMatrix":[-0.557297289,-0.830313027,0,0.830313027,-0.557297289,0,0,0,0.999999881],"scale":1,"type":"tro_tree_2_large"}
{"ctxid":1,"pos":[439.688019,-636.483032,948.058472],"rotationMatrix":[-0.991175234,0.132557169,0,-0.132557169,-0.991175234,0,0,0,0.999999881],"scale":1,"type":"tro_tree_2_large"}
{"ctxid":1,"pos":[441.967377,-637.229309,948.261292],"rotationMatrix":[-0.424419254,0.905465662,0,-0.905465662,-0.424419254,0,0,0,0.999999881],"scale":1,"type":"tro_tree_2_large"}
{"ctxid":1,"pos":[443.522491,-630.412598,947.353699],"rotationMatrix":[-0.988479257,-0.151355833,0,0.151355833,-0.988479257,0,0,0,0.999999881],"scale":1,"type":"tro_tree_2_large"}
{"ctxid":1,"pos":[425.611053,-615.928406,945.076721],"rotationMatrix":[-0.282395184,-0.959298074,0,0.959298074,-0.282395184,0,0,0,0.999999881],"scale":1,"type":"tro_tree_2_large"}
{"ctxid":1,"pos":[869.984375,-619.26593,956.603271],"rotationMatrix":[0.203637272,0.979046404,0,-0.979046404,0.203637272,0,0,0,0.999999881],"scale":1,"type":"tro_tree_2_large"}
{"ctxid":1,"pos":[879.059204,-651.013123,956.284363],"rotationMatrix":[0.238372251,0.971173823,0,-0.971173823,0.238372251,0,0,0,0.999999881],"scale":1,"type":"tro_tree_2_large"}
{"ctxid":1,"pos":[876.978271,-651.011169,956.267334],"rotationMatrix":[-0.922369957,0.386307657,0,-0.386307657,-0.922369957,0,0,0,0.999999881],"scale":1,"type":"tro_tree_2_large"}
{"ctxid":1,"pos":[874.214233,-648.373352,956.262024],"rotationMatrix":[-0.0601979494,0.99818635,0,-0.99818635,-0.0601979494,0,0,0,0.999999881],"scale":1,"type":"tro_tree_2_large"}
{"ctxid":1,"pos":[895.539307,-669.670898,956.174561],"rotationMatrix":[-0.998161912,0.0606025457,0,-0.0606025457,-0.998161912,0,0,0,0.999999881],"scale":1,"type":"tro_tree_2_large"}
{"ctxid":1,"pos":[875.834656,-666.007263,956.221802],"rotationMatrix":[-0.980370939,-0.19716166,0,0.19716166,-0.980370939,0,0,0,0.999999881],"scale":1,"type":"tro_tree_2_large"}
{"ctxid":1,"pos":[878.021606,-681.332581,956.28833],"rotationMatrix":[0.912442625,-0.409204394,0,0.409204394,0.912442625,0,0,0,0.999999881],"scale":1,"type":"tro_tree_2_large"}
{"ctxid":1,"pos":[890.234619,-685.737793,956.245972],"rotationMatrix":[-0.65110755,-0.75898546,0,0.75898546,-0.65110755,0,0,0,0.999999881],"scale":1,"type":"tro_tree_2_large"}
{"ctxid":1,"pos":[884.996765,-710.091919,957.009155],"rotationMatrix":[0.967701614,0.252098113,0,-0.252098113,0.967701614,0,0,0,0.999999881],"scale":1,"type":"tro_tree_2_large"}
{"ctxid":1,"pos":[897.47168,-713.840027,956.856812],"rotationMatrix":[0.963617623,-0.267284185,0,0.267284185,0.963617623,0,0,0,0.999999881],"scale":1,"type":"tro_tree_2_large"}
{"ctxid":1,"pos":[883.832214,-707.770752,956.911011],"rotationMatrix":[0.988191724,-0.153221726,0,0.153221726,0.988191724,0,0,0,0.999999881],"scale":1,"type":"tro_tree_2_large"}
{"ctxid":1,"pos":[888.657166,-698.727295,956.439575],"rotationMatrix":[-0.659148037,0.752013147,0,-0.752013147,-0.659148037,0,0,0,0.999999881],"scale":1,"type":"tro_tree_2_large"}
{"ctxid":1,"pos":[887.519775,-704.194885,956.659302],"rotationMatrix":[0.458890408,-0.888492763,0,0.888492763,0.458890408,0,0,0,0.999999881],"scale":1,"type":"tro_tree_2_large"}
{"ctxid":1,"pos":[895.665222,-712.176636,956.816772],"rotationMatrix":[0.999238074,0.0390261821,0,-0.0390261821,0.999238074,0,0,0,0.999999881],"scale":1,"type":"tro_tree_2_large"}
{"ctxid":1,"pos":[909.921387,-771.261047,961.650024],"rotationMatrix":[0.75138551,0.659863472,0,-0.659863472,0.75138551,0,0,0,0.999999881],"scale":1,"type":"tro_tree_2_large"}
{"ctxid":1,"pos":[905.311829,-755.85022,960.098145],"rotationMatrix":[-0.850362241,-0.526197791,0,0.526197791,-0.850362241,0,0,0,0.999999881],"scale":1,"type":"tro_tree_2_large"}
{"ctxid":1,"pos":[901.173706,-763.391602,960.668701],"rotationMatrix":[0.723662853,-0.69015342,0,0.69015342,0.723662853,0,0,0,0.999999881],"scale":1,"type":"tro_tree_2_large"}
{"ctxid":1,"pos":[897.916504,-755.190369,959.886108],"rotationMatrix":[0.14804922,-0.988979936,0,0.988979936,0.14804922,0,0,0,0.999999881],"scale":1,"type":"tro_tree_2_large"}
{"ctxid":1,"pos":[899.734253,-770.158875,961.279602],"rotationMatrix":[0.167362124,0.985895455,0,-0.985895455,0.167362124,0,0,0,0.999999881],"scale":1,"type":"tro_tree_2_large"}
{"ctxid":1,"pos":[898.890808,-764.91156,960.743774],"rotationMatrix":[-0.644869924,0.764292061,0,-0.764292061,-0.644869924,0,0,0,0.999999881],"scale":1,"type":"tro_tree_2_large"}
{"ctxid":1,"pos":[909.457764,-813.203735,965.5672],"rotationMatrix":[-0.994866669,0.101193808,0,-0.101193808,-0.994866669,0,0,0,0.999999881],"scale":1,"type":"tro_tree_2_large"}
{"ctxid":1,"pos":[901.210876,-798.23938,964.068848],"rotationMatrix":[0.695246398,0.718771458,0,-0.718771458,0.695246398,0,0,0,0.999999881],"scale":1,"type":"tro_tree_2_large"}
{"ctxid":1,"pos":[916.253784,-794.455872,964.404297],"rotationMatrix":[0.575909913,0.817513168,0,-0.817513168,0.575909913,0,0,0,0.999999881],"scale":1,"type":"tro_tree_2_large"}
{"ctxid":1,"pos":[902.023438,-800.49115,964.264954],"rotationMatrix":[0.385570437,-0.922678292,0,0.922678292,0.385570437,0,0,0,0.999999881],"scale":1,"type":"tro_tree_2_large"}
{"ctxid":1,"pos":[949.050903,-824.048767,969.637939],"rotationMatrix":[-0.760471344,0.649371386,0,-0.649371386,-0.760471344,0,0,0,0.999999881],"scale":1,"type":"tro_tree_2_large"}
{"ctxid":1,"pos":[946.654541,-819.27179,969.104187],"rotationMatrix":[-0.731772304,-0.681549132,0,0.681549132,-0.731772304,0,0,0,0.999999881],"scale":1,"type":"tro_tree_2_large"}
{"ctxid":1,"pos":[944.289795,-833.378479,969.922607],"rotationMatrix":[-0.958565533,0.284871668,0,-0.284871668,-0.958565533,0,0,0,0.999999881],"scale":1,"type":"tro_tree_2_large"}
