{"ctxid":1,"pos":[-782.695557,-768.049316,926.778259],"rotationMatrix":[0.793245554,-0.60890168,0,0.60890168,0.793245554,0,0,0,0.999999881],"scale":1,"type":"tro_tree_2_medium"}
{"ctxid":1,"pos":[-752.439148,-763.609192,925.524048],"rotationMatrix":[0.676474392,0.736466169,0,-0.736466169,0.676474392,0,0,0,0.999999881],"scale":1,"type":"tro_tree_2_medium"}
{"ctxid":1,"pos":[-766.286072,-773.675598,924.145996],"rotationMatrix":[0.99269551,0.120645896,0,-0.120645896,0.99269551,0,0,0,0.999999881],"scale":1,"type":"tro_tree_2_medium"}
{"ctxid":1,"pos":[-763.447754,-774.93811,923.636047],"rotationMatrix":[-0.997745097,-0.0671147928,0,0.0671147928,-0.997745097,0,0,0,0.999999881],"scale":1,"type":"tro_tree_2_medium"}
{"ctxid":1,"pos":[-755.631592,-763.666809,925.789795],"rotationMatrix":[-0.291570008,-0.956549406,0,0.956549406,-0.291570008,0,0,0,0.999999881],"scale":1,"type":"tro_tree_2_medium"}
{"ctxid":1,"pos":[-770.581665,-764.889221,926.646606],"rotationMatrix":[0.0165032353,0.999863744,0,-0.999863744,0.0165032353,0,0,0,0.999999881],"scale":1,"type":"tro_tree_2_medium"}
{"ctxid":1,"pos":[-770.697815,-756.680176,929.207703],"rotationMatrix":[-0.245766297,-0.969329059,0,0.969329059,-0.245766297,0,0,0,0.999999881],"scale":1,"type":"tro_tree_2_medium"}
{"ctxid":1,"pos":[-771.273621,-774.697876,924.297852],"rotationMatrix":[0.126866072,0.991919816,0,-0.991919816,0.126866072,0,0,0,0.999999881],"scale":1,"type":"tro_tree_2_medium"}
{"ctxid":1,"pos":[-774.27832,-769.342285,925.759399],"rotationMatrix":[0.464251369,0.885703504,0,-0.885703504,0.464251369,0,0,0,0.999999881],"scale":1,"type":"tro_tree_2_medium"}
{"ctxid":1,"pos":[-763.580139,-760.533142,927.390015],"rotationMatrix":[-0.698127091,0.715973794,0,-0.715973794,-0.698127091,0,0,0,0.999999881],"scale":1,"type":"tro_tree_2_medium"}
{"ctxid":1,"pos":[-827.346436,-790.416687,926.155579],"rotationMatrix":[0.196011797,0.98060149,0,-0.98060149,0.196011797,0,0,0,0.999999881],"scale":1,"type":"tro_tree_2_medium"}
{"ctxid":1,"pos":[-811.210449,-772.169373,928.595215],"rotationMatrix":[0.974943697,-0.222451419,0,0.222451419,0.974943697,0,0,0,0.999999881],"scale":1,"type":"tro_tree_2_medium"}
{"ctxid":1,"pos":[-804.581726,-768.95874,928.65686],"rotationMatrix":[0.483211637,0.8755036,0,-0.8755036,0.483211637,0,0,0,0.999999881],"scale":1,"type":"tro_tree_2_medium"}
{"ctxid":1,"pos":[-808.412781,-791.896973,923.933105],"rotationMatrix":[0.146670669,0.989185274,0,-0.989185274,0.146670669,0,0,0,0.999999881],"scale":1,"type":"tro_tree_2_medium"}
{"ctxid":1,"pos":[-806.082336,-789.128418,924.26239],"rotationMatrix":[0.239654809,0.970858157,0,-0.970858157,0.239654809,0,0,0,0.999999881],"scale":1,"type":"tro_tree_2_medium"}
{"ctxid":1,"pos":[-824.414978,-766.506836,930.967651],"rotationMatrix":[-0.993816018,-0.111038499,0,0.111038499,-0.993816018,0,0,0,0.999999881],"scale":1,"type":"tro_tree_2_medium"}
{"ctxid":1,"pos":[-825.759399,-787.047546,926.752808],"rotationMatrix":[-0.775942624,0.630803347,0,-0.630803347,-0.775942624,0,0,0,0.999999881],"scale":1,"type":"tro_tree_2_medium"}
{"ctxid":1,"pos":[-816.859558,-796.894897,923.771606],"rotationMatrix":[0.263445526,0.964674234,0,-0.964674234,0.263445526,0,0,0,0.999999881],"scale":1,"type":"tro_tree_2_medium"}
{"ctxid":1,"pos":[-805.558838,-776.34259,926.978638],"rotationMatrix":[0.807804763,-0.589450121,0,0.589450121,0.807804763,0,0,0,0.999999881],"scale":1,"type":"tro_tree_2_medium"}
{"ctxid":1,"pos":[-808.075562,-794.735168,923.353394],"rotationMatrix":[0.666933656,-0.745117009,0,0.745117009,0.666933656,0,0,0,0.999999881],"scale":1,"type":"tro_tree_2_medium"}
{"ctxid":1,"pos":[-822.834778,-772.248291,929.772766],"rotationMatrix":[-0.721597612,0.692312598,0,-0.692312598,-0.721597612,0,0,0,0.999999881],"scale":1,"type":"tro_tree_2_medium"}
{"ctxid":1,"pos":[-830.721741,-783.997681,928.042725],"rotationMatrix":[0.911092162,0.412202597,0,-0.412202597,0.911092162,0,0,0,0.999999881],"scale":1,"type":"tro_tree_2_medium"}
{"ctxid":1,"pos":[-832.412964,-787.87561,927.30249],"rotationMatrix":[-0.316743106,-0.948511302,0,0.948511302,-0.316743106,0,0,0,0.999999881],"scale":1,"type":"tro_tree_2_medium"}
{"ctxid":1,"pos":[-858.53418,-799.558838,927.664429],"rotationMatrix":[0.911777735,-0.410683841,0,0.410683841,0.911777735,0,0,0,0.999999881],"scale":1,"type":"tro_tree_2_medium"}
{"ctxid":1,"pos":[-853.095764,-815.979065,923.996765],"rotationMatrix":[-0.376268357,0.926510632,0,-0.926510632,-0.376268357,0,0,0,0.999999881],"scale":1,"type":"tro_tree_2_medium"}
{"ctxid":1,"pos":[-853.075073,-818.350342,923.615601],"rotationMatrix":[0.433946759,0.900938511,0,-0.900938511,0.433946759,0,0,0,0.999999881],"scale":1,"type":"tro_tree_2_medium"}
{"ctxid":1,"pos":[-862.362061,-804.13739,927.287109],"rotationMatrix":[0.98990351,-0.141742066,0,0.141742066,0.98990351,0,0,0,0.999999881],"scale":1,"type":"tro_tree_2_medium"}
{"ctxid":1,"pos":[-875.333435,-799.016113,929.997559],"rotationMatrix":[-0.884281039,0.466955036,0,-0.466955036,-0.884281039,0,0,0,0.999999881],"scale":1,"type":"tro_tree_2_medium"}
{"ctxid":1,"pos":[-866.913818,-795.997803,929.457031],"rotationMatrix":[-0.898891866,-0.438170284,0,0.438170284,-0.898891866,0,0,0,0.999999881],"scale":1,"type":"tro_tree_2_medium"}
{"ctxid":1,"pos":[-853.371765,-799.533142,926.983765],"rotationMatrix":[0.438361883,-0.898798466,0,0.898798466,0.438361883,0,0,0,0.999999881],"scale":1,"type":"tro_tree_2_medium"}
{"ctxid":1,"pos":[-855.69751,-793.54425,928.570557],"rotationMatrix":[0.664291382,-0.747473538,0,0.747473538,0.664291382,0,0,0,0.999999881],"scale":1,"type":"tro_tree_2_medium"}
{"ctxid":1,"pos":[-867.55896,-823.832764,924.393311],"rotationMatrix":[0.311044157,0.950395465,0,-0.950395465,0.311044157,0,0,0,0.999999881],"scale":1,"type":"tro_tree_2_medium"}
{"ctxid":1,"pos":[-864.761108,-805.176575,927.469055],"rotationMatrix":[0.984203219,0.177042067,0,-0.177042067,0.984203219,0,0,0,0.999999881],"scale":1,"type":"tro_tree_2_medium"}
{"ctxid":1,"pos":[-875.451965,-796.54657,930.396606],"rotationMatrix":[-0.16560708,-0.98619169,0,0.98619169,-0.16560708,0,0,0,0.999999881],"scale":1,"type":"tro_tree_2_medium"}
{"ctxid":1,"pos":[-865.779602,-808.151794,927.013123],"rotationMatrix":[0.866123259,-0.499830306,0,0.499830306,0.866123259,0,0,0,0.999999881],"scale":1,"type":"tro_tree_2_medium"}
{"ctxid":1,"pos":[-876.498474,-815.147339,927.407349],"rotationMatrix":[0.347798407,0.93756932,0,-0.93756932,0.347798407,0,0,0,0.999999881],"scale":1,"type":"tro_tree_2_medium"}
{"ctxid":1,"pos":[-740.09375,-751.312988,928.239258],"rotationMatrix":[0.923220098,0.384271413,0,-0.384271413,0.923220098,0,0,0,0.999999881],"scale":1,"type":"tro_tree_2_medium"}
{"ctxid":1,"pos":[-759.7052,-765.683228,925.576965],"rotationMatrix":[-0.975248396,0.221111581,0,-0.221111581,-0.975248396,0,0,0,0.999999881],"scale":1,"type":"tro_tree_2_medium"}
{"ctxid":1,"pos":[-745.762695,-758.556763,926.378052],"rotationMatrix":[0.769221067,0.638982713,0,-0.638982713,0.769221067,0,0,0,0.999999881],"scale":1,"type":"tro_tree_2_medium"}
{"ctxid":1,"pos":[-741.374817,-756.882141,926.417603],"rotationMatrix":[0.794171274,0.60769397,0,-0.60769397,0.794171274,0,0,0,0.999999881],"scale":1,"type":"tro_tree_2_medium"}
{"ctxid":1,"pos":[-736.059814,-747.376404,929.215332],"rotationMatrix":[-0.998626173,0.0523983613,0,-0.0523983613,-0.998626173,0,0,0,0.999999881],"scale":1,"type":"tro_tree_2_medium"}
{"ctxid":1,"pos":[-747.470398,-760.565918,925.931213],"rotationMatrix":[0.901495874,-0.432787478,0,0.432787478,0.901495874,0,0,0,0.999999881],"scale":1,"type":"tro_tree_2_medium"}
{"ctxid":1,"pos":[-733.727783,-752.734314,926.817444],"rotationMatrix":[0.991646528,0.128984869,0,-0.128984869,0.991646528,0,0,0,0.999999881],"scale":1,"type":"tro_tree_2_medium"}
{"ctxid":1,"pos":[-743.18457,-758.393494,926.14032],"rotationMatrix":[-0.944042981,0.329822391,0,-0.329822391,-0.944042981,0,0,0,0.999999881],"scale":1,"type":"tro_tree_2_medium"}
{"ctxid":1,"pos":[-732.332336,-749.432739,927.815918],"rotationMatrix":[0.352404803,0.9358477,0,-0.9358477,0.352404803,0,0,0,0.999999881],"scale":1,"type":"tro_tree_2_medium"}
{"ctxid":1,"pos":[-728.56543,-754.461487,925.456421],"rotationMatrix":[0.945004165,-0.327057958,0,0.327057958,0.945004165,0,0,0,0.999999881],"scale":1,"type":"tro_tree_2_medium"}
{"ctxid":1,"pos":[-756.687927,-768.961975,924.499512],"rotationMatrix":[0.00132146629,-0.999999046,0,0.999999046,0.00132146629,0,0,0,0.999999881],"scale":1,"type":"tro_tree_2_medium"}
{"ctxid":1,"pos":[-710.761597,-745.105103,925.620483],"rotationMatrix":[0.00421084836,-0.999991059,0,0.999991059,0.00421084836,0,0,0,0.999999881],"scale":1,"type":"tro_tree_2_medium"}
{"ctxid":1,"pos":[-722.423523,-746.763977,927.162964],"rotationMatrix":[0.9271788,0.374618977,0,-0.374618977,0.9271788,0,0,0,0.999999881],"scale":1,"type":"tro_tree_2_medium"}
{"ctxid":1,"pos":[-720.18219,-736.159241,930.924011],"rotationMatrix":[-0.328553319,-0.944485366,0,0.944485366,-0.328553319,0,0,0,0.999999881],"scale":1,"type":"tro_tree_2_medium"}
{"ctxid":1,"pos":[-712.327393,-741.261169,927.369995],"rotationMatrix":[-0.762186587,-0.647357225,0,0.647357225,-0.762186587,0,0,0,0.999999881],"scale":1,"type":"tro_tree_2_medium"}
{"ctxid":1,"pos":[-704.209961,-740.988831,925.896667],"rotationMatrix":[0.155900121,0.987772763,0,-0.987772763,0.155900121,0,0,0,0.999999881],"scale":1,"type":"tro_tree_2_medium"}
{"ctxid":1,"pos":[-711.83844,-748.32666,924.631592],"rotationMatrix":[0.500043392,0.866000354,0,-0.866000354,0.500043392,0,0,0,0.999999881],"scale":1,"type":"tro_tree_2_medium"}
{"ctxid":1,"pos":[-704.786926,-743.229004,925.141113],"rotationMatrix":[0.933904827,-0.357521474,0,0.357521474,0.933904827,0,0,0,0.999999881],"scale":1,"type":"tro_tree_2_medium"}
{"ctxid":1,"pos":[-714.247742,-746.000427,925.956177],"rotationMatrix":[0.918572664,-0.395251989,0,0.395251989,0.918572664,0,0,0,0.999999881],"scale":1,"type":"tro_tree_2_medium"}
{"ctxid":1,"pos":[-708.468628,-742.093506,926.30188],"rotationMatrix":[0.961198747,0.275856555,0,-0.275856555,0.961198747,0,0,0,0.999999881],"scale":1,"type":"tro_tree_2_medium"}
{"ctxid":1,"pos":[-1020.98077,-574.093933,960.367676],"rotationMatrix":[0.510826409,-0.859683692,0,0.859683692,0.510826409,0,0,0,0.999999881],"scale":1,"type":"tro_tree_2_medium"}
{"ctxid":1,"pos":[-1012.80768,-579.914429,958.178711],"rotationMatrix":[0.892830431,0.450392872,0,-0.450392872,0.892830431,0,0,0,0.999999881],"scale":1,"type":"tro_tree_2_medium"}
{"ctxid":1,"pos":[-951.666443,-648.039062,948.308105],"rotationMatrix":[0.013565274,-0.999907911,0,0.999907911,0.013565274,0,0,0,0.999999881],"scale":1,"type":"tro_tree_2_medium"}
{"ctxid":1,"pos":[-952.269226,-651.697449,947.689697],"rotationMatrix":[0.201915205,-0.9794029,0,0.9794029,0.201915205,0,0,0,0.999999881],"scale":1,"type":"tro_tree_2_medium"}
{"ctxid":1,"pos":[-918.432495,-689.727295,942.043457],"rotationMatrix":[-0.622482717,-0.782633543,0,0.782633543,-0.622482717,0,0,0,0.999999881],"scale":1,"type":"tro_tree_2_medium"}
{"ctxid":1,"pos":[-927.534912,-689.529419,942.130371],"rotationMatrix":[-0.15522337,0.987879336,0,-0.987879336,-0.15522337,0,0,0,0.999999881],"scale":1,"type":"tro_tree_2_medium"}
{"ctxid":1,"pos":[-910.27301,-711.875305,939.057312],"rotationMatrix":[-0.404543281,0.914518714,0,-0.914518714,-0.404543281,0,0,0,0.999999881],"scale":1,"type":"tro_tree_2_medium"}
{"ctxid":1,"pos":[-905.373352,-718.820862,938.157593],"rotationMatrix":[0.970485628,-0.241158828,0,0.241158828,0.970485628,0,0,0,0.999999881],"scale":1,"type":"tro_tree_2_medium"}
{"ctxid":1,"pos":[-895.434509,-733.031189,936.497314],"rotationMatrix":[0.181517735,0.983387649,0,-0.983387649,0.181517735,0,0,0,0.999999881],"scale":1,"type":"tro_tree_2_medium"}
{"ctxid":1,"pos":[-888.515747,-734.970764,936.124817],"rotationMatrix":[0.388842255,0.921304345,0,-0.921304345,0.388842255,0,0,0,0.999999881],"scale":1,"type":"tro_tree_2_medium"}
{"ctxid":1,"pos":[-1019.52789,-74.2514343,980.676147],"rotationMatrix":[-0.998080075,0.0619349442,0,-0.0619349442,-0.998080075,0,0,0,0.999999881],"scale":1,"type":"tro_tree_2_medium"}
{"ctxid":1,"pos":[-1014.50391,-71.064743,981.240356],"rotationMatrix":[0.989382744,0.145332977,0,-0.145332977,0.989382744,0,0,0,0.999999881],"scale":1,"type":"tro_tree_2_medium"}
{"ctxid":1,"pos":[-975.615601,-123.440056,977.249878],"rotationMatrix":[0.969307482,-0.245851189,0,0.245851189,0.969307482,0,0,0,0.999999881],"scale":1,"type":"tro_tree_2_medium"}
{"ctxid":1,"pos":[-978.303955,-132.288284,976.606689],"rotationMatrix":[-0.84914732,-0.528156102,0,0.528156102,-0.84914732,0,0,0,0.999999881],"scale":1,"type":"tro_tree_2_medium"}
{"ctxid":1,"pos":[-927.447693,-181.546539,972.582825],"rotationMatrix":[0.471721441,-0.881747484,0,0.881747484,0.471721441,0,0,0,0.999999881],"scale":1,"type":"tro_tree_2_medium"}
{"ctxid":1,"pos":[-918.561646,-177.320496,972.378174],"rotationMatrix":[0.611986458,0.790868223,0,-0.790868223,0.611986458,0,0,0,0.999999881],"scale":1,"type":"tro_tree_2_medium"}
{"ctxid":1,"pos":[-885.828308,-237.715805,966.709473],"rotationMatrix":[0.867147028,-0.49805212,0,0.49805212,0.867147028,0,0,0,0.999999881],"scale":1,"type":"tro_tree_2_medium"}
{"ctxid":1,"pos":[-887.881714,-235.097656,966.873657],"rotationMatrix":[-0.384589672,0.923087537,0,-0.923087537,-0.384589672,0,0,0,0.999999881],"scale":1,"type":"tro_tree_2_medium"}
{"ctxid":1,"pos":[-844.552124,-297.008423,963.295898],"rotationMatrix":[0.987573504,-0.157157183,0,0.157157183,0.987573504,0,0,0,0.999999881],"scale":1,"type":"tro_tree_2_medium"}
{"ctxid":1,"pos":[-836.635376,-295.536316,962.915649],"rotationMatrix":[-0.800322115,0.599569917,0,-0.599569917,-0.800322115,0,0,0,0.999999881],"scale":1,"type":"tro_tree_2_medium"}
{"ctxid":1,"pos":[-803.923584,-351.454346,959.12384],"rotationMatrix":[-0.761032462,0.648713529,0,-0.648713529,-0.761032462,0,0,0,0.999999881],"scale":1,"type":"tro_tree_2_medium"}
{"ctxid":1,"pos":[-799.486206,-354.24353,958.764038],"rotationMatrix":[0.605823696,-0.795598865,0,0.795598865,0.605823696,0,0,0,0.999999881],"scale":1,"type":"tro_tree_2_medium"}
{"ctxid":1,"pos":[-780.80304,-381.573761,955.830566],"rotationMatrix":[-0.731302202,0.682053268,0,-0.682053268,-0.731302202,0,0,0,0.999999881],"scale":1,"type":"tro_tree_2_medium"}
{"ctxid":1,"pos":[-778.11731,-378.331207,955.815063],"rotationMatrix":[0.304681778,0.952454209,0,-0.952454209,0.304681778,0,0,0,0.999999881],"scale":1,"type":"tro_tree_2_medium"}
{"ctxid":1,"pos":[-773.12085,-383.788361,954.994995],"rotationMatrix":[-0.581407368,0.813612401,0,-0.813612401,-0.581407368,0,0,0,0.999999881],"scale":1,"type":"tro_tree_2_medium"}
{"ctxid":1,"pos":[-777.956909,-386.730774,955.235474],"rotationMatrix":[-0.864836335,0.502053738,0,-0.502053738,-0.864836335,0,0,0,0.999999881],"scale":1,"type":"tro_tree_2_medium"}
{"ctxid":1,"pos":[-798.734985,-348.827942,959.285156],"rotationMatrix":[-0.279792726,-0.960060358,0,0.960060358,-0.279792726,0,0,0,0.999999881],"scale":1,"type":"tro_tree_2_medium"}
{"ctxid":1,"pos":[-797.544312,-344.226593,959.65686],"rotationMatrix":[-0.969284117,-0.245943621,0,0.245943621,-0.969284117,0,0,0,0.999999881],"scale":1,"type":"tro_tree_2_medium"}
{"ctxid":1,"pos":[-809.468994,-341.336975,960.081177],"rotationMatrix":[0.711672902,-0.702510834,0,0.702510834,0.711672902,0,0,0,0.999999881],"scale":1,"type":"tro_tree_2_medium"}
{"ctxid":1,"pos":[-809.044006,-336.1203,960.414917],"rotationMatrix":[-0.888379812,0.459108979,0,-0.459108979,-0.888379812,0,0,0,0.999999881],"scale":1,"type":"tro_tree_2_medium"}
{"ctxid":1,"pos":[-821.586731,-313.201263,961.385986],"rotationMatrix":[0.850537479,0.525914431,0,-0.525914431,0.850537479,0,0,0,0.999999881],"scale":1,"type":"tro_tree_2_medium"}
{"ctxid":1,"pos":[-813.155762,-314.199982,961.423828],"rotationMatrix":[-0.66952765,-0.742787123,0,0.742787123,-0.66952765,0,0,0,0.999999881],"scale":1,"type":"tro_tree_2_medium"}
{"ctxid":1,"pos":[-830.636292,-288.206818,963.048279],"rotationMatrix":[-0.523644626,-0.851936758,0,0.851936758,-0.523644626,0,0,0,0.999999881],"scale":1,"type":"tro_tree_2_medium"}
{"ctxid":1,"pos":[-836.52356,-292.794464,963.068726],"rotationMatrix":[0.940834582,0.338866174,0,-0.338866174,0.940834582,0,0,0,0.999999881],"scale":1,"type":"tro_tree_2_medium"}
{"ctxid":1,"pos":[-869.965637,-257.294128,965.877747],"rotationMatrix":[0.966818333,0.255464613,0,-0.255464613,0.966818333,0,0,0,0.999999881],"scale":1,"type":"tro_tree_2_medium"}
{"ctxid":1,"pos":[-860.358826,-255.637329,965.598145],"rotationMatrix":[0.557204127,0.830375552,0,-0.830375552,0.557204127,0,0,0,0.999999881],"scale":1,"type":"tro_tree_2_medium"}
{"ctxid":1,"pos":[-897.578674,-222.649109,968.018311],"rotationMatrix":[0.942075312,0.335401386,0,-0.335401386,0.942075312,0,0,0,0.999999881],"scale":1,"type":"tro_tree_2_medium"}
{"ctxid":1,"pos":[-893.266724,-227.139206,967.469849],"rotationMatrix":[0.985297024,-0.170849293,0,0.170849293,0.985297024,0,0,0,0.999999881],"scale":1,"type":"tro_tree_2_medium"}
{"ctxid":1,"pos":[-922.238525,-194.872803,971.620239],"rotationMatrix":[0.471678138,0.88177079,0,-0.88177079,0.471678138,0,0,0,0.999999881],"scale":1,"type":"tro_tree_2_medium"}
{"ctxid":1,"pos":[-915.251709,-196.457062,971.079163],"rotationMatrix":[0.477175683,0.878807962,0,-0.878807962,0.477175683,0,0,0,0.999999881],"scale":1,"type":"tro_tree_2_medium"}
{"ctxid":1,"pos":[-944.899719,-161.782166,974.286621],"rotationMatrix":[-0.862375796,-0.506268442,0,0.506268442,-0.862375796,0,0,0,0.999999881],"scale":1,"type":"tro_tree_2_medium"}
{"ctxid":1,"pos":[-938.308716,-160.445053,974.058472],"rotationMatrix":[-0.517875135,-0.855456173,0,0.855456173,-0.517875135,0,0,0,0.999999881],"scale":1,"type":"tro_tree_2_medium"}
{"ctxid":1,"pos":[-971.538696,-131.621628,976.636658],"rotationMatrix":[-0.702931821,-0.711257219,0,0.711257219,-0.702931821,0,0,0,0.999999881],"scale":1,"type":"tro_tree_2_medium"}
{"ctxid":1,"pos":[-967.563171,-135.125168,976.355896],"rotationMatrix":[-0.73853004,-0.674220562,0,0.674220562,-0.73853004,0,0,0,0.999999881],"scale":1,"type":"tro_tree_2_medium"}
{"ctxid":1,"pos":[-994.726135,-118.149902,977.799255],"rotationMatrix":[0.633266807,-0.773933351,0,0.773933351,0.633266807,0,0,0,0.999999881],"scale":1,"type":"tro_tree_2_medium"}
{"ctxid":1,"pos":[-993.381714,-115.725395,977.964844],"rotationMatrix":[0.281408191,0.95958817,0,-0.95958817,0.281408191,0,0,0,0.999999881],"scale":1,"type":"tro_tree_2_medium"}
{"ctxid":1,"pos":[-1010.37537,-82.2590103,980.420715],"rotationMatrix":[-0.688147485,0.725570738,0,-0.725570738,-0.688147485,0,0,0,0.999999881],"scale":1,"type":"tro_tree_2_medium"}
{"ctxid":1,"pos":[-1007.58984,-92.0063629,979.729614],"rotationMatrix":[0.174351245,0.984683454,0,-0.984683454,0.174351245,0,0,0,0.999999881],"scale":1,"type":"tro_tree_2_medium"}
{"ctxid":1,"pos":[-973.575806,-143.751816,975.703796],"rotationMatrix":[-0.69091171,-0.722939134,0,0.722939134,-0.69091171,0,0,0,0.999999881],"scale":1,"type":"tro_tree_2_medium"}
{"ctxid":1,"pos":[-979.937256,-128.464188,976.902954],"rotationMatrix":[0.458617985,-0.88863343,0,0.88863343,0.458617985,0,0,0,0.999999881],"scale":1,"type":"tro_tree_2_medium"}
{"ctxid":1,"pos":[-1003.7865,-93.2225647,979.657227],"rotationMatrix":[0.749909163,0.661540747,0,-0.661540747,0.749909163,0,0,0,0.999999881],"scale":1,"type":"tro_tree_2_medium"}
{"ctxid":1,"pos":[-993.530701,-120.616966,977.598389],"rotationMatrix":[0.899460256,-0.437002331,0,0.437002331,0.899460256,0,0,0,0.999999881],"scale":1,"type":"tro_tree_2_medium"}
{"ctxid":1,"pos":[-988.579529,-119.483459,977.635559],"rotationMatrix":[-0.685289621,-0.728270471,0,0.728270471,-0.685289621,0,0,0,0.999999881],"scale":1,"type":"tro_tree_2_medium"}
{"ctxid":1,"pos":[-914.707764,-206.696106,970.318481],"rotationMatrix":[0.118611038,0.992940724,0,-0.992940724,0.118611038,0,0,0,0.999999881],"scale":1,"type":"tro_tree_2_medium"}
{"ctxid":1,"pos":[89.0728607,-552.286682,936.146484],"rotationMatrix":[-0.973460376,0.228855476,0,-0.228855476,-0.973460376,0,0,0,0.999999881],"scale":1,"type":"tro_tree_2_medium"}
{"ctxid":1,"pos":[197.911819,-521.999939,937.520203],"rotationMatrix":[-0.230901778,-0.972976983,0,0.972976983,-0.230901778,0,0,0,0.999999881],"scale":1,"type":"tro_tree_2_medium"}
{"ctxid":1,"pos":[251.334137,-509.628418,937.901855],"rotationMatrix":[0.756323993,0.654197216,0,-0.654197216,0.756323993,0,0,0,0.999999881],"scale":1,"type":"tro_tree_2_medium"}
{"ctxid":1,"pos":[328.955109,-502.621765,939.526062],"rotationMatrix":[0.412864447,-0.910792291,0,0.910792291,0.412864447,0,0,0,0.999999881],"scale":1,"type":"tro_tree_2_medium"}
{"ctxid":1,"pos":[273.207214,-502.070801,938.538391],"rotationMatrix":[0.632782698,-0.774329245,0,0.774329245,0.632782698,0,0,0,0.999999881],"scale":1,"type":"tro_tree_2_medium"}
{"ctxid":1,"pos":[199.816391,-517.451721,937.226562],"rotationMatrix":[0.795256674,0.606272876,0,-0.606272876,0.795256674,0,0,0,0.999999881],"scale":1,"type":"tro_tree_2_medium"}
{"ctxid":1,"pos":[177.190445,-521.921692,937.305176],"rotationMatrix":[0.648451924,-0.761255443,0,0.761255443,0.648451924,0,0,0,0.999999881],"scale":1,"type":"tro_tree_2_medium"}
{"ctxid":1,"pos":[420.122894,-542.849854,934.588928],"rotationMatrix":[-0.286988378,-0.957933962,0,0.957933962,-0.286988378,0,0,0,0.999999881],"scale":1,"type":"tro_tree_2_medium"}
{"ctxid":1,"pos":[423.988434,-554.577332,930.857178],"rotationMatrix":[0.847754836,0.530388176,0,-0.530388176,0.847754836,0,0,0,0.999999881],"scale":1,"type":"tro_tree_2_medium"}
{"ctxid":1,"pos":[420.400604,-547.381958,933.224609],"rotationMatrix":[0.703956306,0.710243285,0,-0.710243285,0.703956306,0,0,0,0.999999881],"scale":1,"type":"tro_tree_2_medium"}
{"ctxid":1,"pos":[411.347198,-528.976685,937.70166],"rotationMatrix":[0.592644989,-0.805463612,0,0.805463612,0.592644989,0,0,0,0.999999881],"scale":1,"type":"tro_tree_2_medium"}
{"ctxid":1,"pos":[405.140015,-543.191711,935.55188],"rotationMatrix":[0.200270787,-0.9797405,0,0.9797405,0.200270787,0,0,0,0.999999881],"scale":1,"type":"tro_tree_2_medium"}
{"ctxid":1,"pos":[406.704071,-575.73761,939.512756],"rotationMatrix":[-0.303839803,-0.952723086,0,0.952723086,-0.303839803,0,0,0,0.999999881],"scale":1,"type":"tro_tree_2_medium"}
{"ctxid":1,"pos":[418.079529,-597.678101,942.588989],"rotationMatrix":[0.842809856,0.538211286,0,-0.538211286,0.842809856,0,0,0,0.999999881],"scale":1,"type":"tro_tree_2_medium"}
{"ctxid":1,"pos":[433.138458,-612.40033,944.958374],"rotationMatrix":[-0.678296387,0.73478812,0,-0.73478812,-0.678296387,0,0,0,0.999999881],"scale":1,"type":"tro_tree_2_medium"}
{"ctxid":1,"pos":[439.971649,-606.882751,944.136841],"rotationMatrix":[-0.433680952,-0.901066482,0,0.901066482,-0.433680952,0,0,0,0.999999881],"scale":1,"type":"tro_tree_2_medium"}
{"ctxid":1,"pos":[485.889771,-622.183167,942.894287],"rotationMatrix":[-0.908293724,-0.418332815,0,0.418332815,-0.908293724,0,0,0,0.999999881],"scale":1,"type":"tro_tree_2_medium"}
{"ctxid":1,"pos":[490.089569,-626.330505,943.681641],"rotationMatrix":[0.718443751,0.695585072,0,-0.695585072,0.718443751,0,0,0,0.999999881],"scale":1,"type":"tro_tree_2_medium"}
{"ctxid":1,"pos":[478.309143,-619.700562,942.416748],"rotationMatrix":[-0.99953872,0.030367082,0,-0.030367082,-0.99953872,0,0,0,0.999999881],"scale":1,"type":"tro_tree_2_medium"}
{"ctxid":1,"pos":[471.303741,-609.64325,941.18042],"rotationMatrix":[0.653731763,0.756726325,0,-0.756726325,0.653731763,0,0,0,0.999999881],"scale":1,"type":"tro_tree_2_medium"}
{"ctxid":1,"pos":[453.104919,-583.260498,925.998657],"rotationMatrix":[-0.410707116,0.911767185,0,-0.911767185,-0.410707116,0,0,0,0.999999881],"scale":1,"type":"tro_tree_2_medium"}
{"ctxid":1,"pos":[464.961365,-571.748657,931.717834],"rotationMatrix":[0.834736586,-0.550649345,0,0.550649345,0.834736586,0,0,0,0.999999881],"scale":1,"type":"tro_tree_2_medium"}
{"ctxid":1,"pos":[472.757721,-578.619141,936.996582],"rotationMatrix":[0.201597184,0.979468465,0,-0.979468465,0.201597184,0,0,0,0.999999881],"scale":1,"type":"tro_tree_2_medium"}
{"ctxid":1,"pos":[490.391052,-572.422729,941.026978],"rotationMatrix":[-0.0589175373,0.998262763,0,-0.998262763,-0.0589175373,0,0,0,0.999999881],"scale":1,"type":"tro_tree_2_medium"}
{"ctxid":1,"pos":[503.82843,-570.755066,942.001587],"rotationMatrix":[-0.991624653,-0.12915282,0,0.12915282,-0.991624653,0,0,0,0.999999881],"scale":1,"type":"tro_tree_2_medium"}
{"ctxid":1,"pos":[487.907806,-578.507874,940.740723],"rotationMatrix":[0.827780247,-0.561052382,0,0.561052382,0.827780247,0,0,0,0.999999881],"scale":1,"type":"tro_tree_2_medium"}
{"ctxid":1,"pos":[570.621155,-586.45636,944.673889],"rotationMatrix":[0.921010792,-0.389536768,0,0.389536768,0.921010792,0,0,0,0.999999881],"scale":1,"type":"tro_tree_2_medium"}
{"ctxid":1,"pos":[565.787903,-578.256775,944.689819],"rotationMatrix":[0.925991297,0.377544761,0,-0.377544761,0.925991297,0,0,0,0.999999881],"scale":1,"type":"tro_tree_2_medium"}
{"ctxid":1,"pos":[553.631531,-591.230591,944.21814],"rotationMatrix":[0.994653285,0.103270441,0,-0.103270441,0.994653285,0,0,0,0.999999881],"scale":1,"type":"tro_tree_2_medium"}
{"ctxid":1,"pos":[651.431458,-579.665466,947.781311],"rotationMatrix":[0.748555601,0.66307199,0,-0.66307199,0.748555601,0,0,0,0.999999881],"scale":1,"type":"tro_tree_2_medium"}
{"ctxid":1,"pos":[648.622131,-605.89856,948.157349],"rotationMatrix":[0.50307703,-0.864241421,0,0.864241421,0.50307703,0,0,0,0.999999881],"scale":1,"type":"tro_tree_2_medium"}
{"ctxid":1,"pos":[658.126282,-589.34259,947.082886],"rotationMatrix":[-0.0249043833,-0.999689758,0,0.999689758,-0.0249043833,0,0,0,0.999999881],"scale":1,"type":"tro_tree_2_medium"}
{"ctxid":1,"pos":[642.573608,-593.137939,947.541687],"rotationMatrix":[0.995166838,-0.0981969908,0,0.0981969908,0.995166838,0,0,0,0.999999881],"scale":1,"type":"tro_tree_2_medium"}
{"ctxid":1,"pos":[685.940796,-589.829529,946.78717],"rotationMatrix":[-0.654844701,-0.755763471,0,0.755763471,-0.654844701,0,0,0,0.999999881],"scale":1,"type":"tro_tree_2_medium"}
{"ctxid":1,"pos":[694.419128,-593.810547,946.864258],"rotationMatrix":[0.977944911,0.208862662,0,-0.208862662,0.977944911,0,0,0,0.999999881],"scale":1,"type":"tro_tree_2_medium"}
{"ctxid":1,"pos":[684.347229,-582.352478,947.647156],"rotationMatrix":[-0.96457094,-0.263823599,0,0.263823599,-0.96457094,0,0,0,0.999999881],"scale":1,"type":"tro_tree_2_medium"}
{"ctxid":1,"pos":[695.510742,-577.866638,949.056458],"rotationMatrix":[0.873205364,-0.487352222,0,0.487352222,0.873205364,0,0,0,0.999999881],"scale":1,"type":"tro_tree_2_medium"}
{"ctxid":1,"pos":[685.079468,-575.846191,949.156616],"rotationMatrix":[0.402332604,-0.915493488,0,0.915493488,0.402332604,0,0,0,0.999999881],"scale":1,"type":"tro_tree_2_medium"}
{"ctxid":1,"pos":[766.369751,-605.3797,955.354431],"rotationMatrix":[0.950792491,-0.309828132,0,0.309828132,0.950792491,0,0,0,0.999999881],"scale":1,"type":"tro_tree_2_medium"}
{"ctxid":1,"pos":[748.00354,-585.872009,953.663208],"rotationMatrix":[0.779188275,0.626789927,0,-0.626789927,0.779188275,0,0,0,0.999999881],"scale":1,"type":"tro_tree_2_medium"}
{"ctxid":1,"pos":[756.245972,-595.267456,954.361206],"rotationMatrix":[-0.16435279,-0.986401498,0,0.986401498,-0.16435279,0,0,0,0.999999881],"scale":1,"type":"tro_tree_2_medium"}
{"ctxid":1,"pos":[761.809814,-594.291443,955.143799],"rotationMatrix":[-0.674392819,0.738372505,0,-0.738372505,-0.674392819,0,0,0,0.999999881],"scale":1,"type":"tro_tree_2_medium"}
{"ctxid":1,"pos":[788.972168,-673.923401,957.4422],"rotationMatrix":[0.2500422,0.968234956,0,-0.968234956,0.2500422,0,0,0,0.999999881],"scale":1,"type":"tro_tree_2_medium"}
{"ctxid":1,"pos":[795.737915,-662.05249,957.44873],"rotationMatrix":[-0.616264224,-0.787539303,0,0.787539303,-0.616264224,0,0,0,0.999999881],"scale":1,"type":"tro_tree_2_medium"}
{"ctxid":1,"pos":[792.646484,-689.403992,958.935791],"rotationMatrix":[-0.956401169,0.292055726,0,-0.292055726,-0.956401169,0,0,0,0.999999881],"scale":1,"type":"tro_tree_2_medium"}
{"ctxid":1,"pos":[775.348022,-757.457703,964.068726],"rotationMatrix":[-0.646599352,0.762829483,0,-0.762829483,-0.646599352,0,0,0,0.999999881],"scale":1,"type":"tro_tree_2_medium"}
{"ctxid":1,"pos":[771.555481,-748.963989,963.236206],"rotationMatrix":[-0.975933135,-0.218069941,0,0.218069941,-0.975933135,0,0,0,0.999999881],"scale":1,"type":"tro_tree_2_medium"}
{"ctxid":1,"pos":[777.741211,-765.401917,964.707642],"rotationMatrix":[0.38446629,-0.923138916,0,0.923138916,0.38446629,0,0,0,0.999999881],"scale":1,"type":"tro_tree_2_medium"}
{"ctxid":1,"pos":[786.359375,-759.553223,964.839111],"rotationMatrix":[-0.321843177,0.946792901,0,-0.946792901,-0.321843177,0,0,0,0.999999881],"scale":1,"type":"tro_tree_2_medium"}
{"ctxid":1,"pos":[780.959717,-762.145874,964.66333],"rotationMatrix":[-0.173846617,-0.984772682,0,0.984772682,-0.173846617,0,0,0,0.999999881],"scale":1,"type":"tro_tree_2_medium"}
{"ctxid":1,"pos":[735.878723,-761.108398,963.578125],"rotationMatrix":[-0.119142406,-0.992877066,0,0.992877066,-0.119142406,0,0,0,0.999999881],"scale":1,"type":"tro_tree_2_medium"}
{"ctxid":1,"pos":[727.191406,-758.314758,963.293579],"rotationMatrix":[-0.747805893,-0.663917243,0,0.663917243,-0.747805893,0,0,0,0.999999881],"scale":1,"type":"tro_tree_2_medium"}
{"ctxid":1,"pos":[717.964661,-762.642151,963.706238],"rotationMatrix":[-0.983874977,-0.178857356,0,0.178857356,-0.983874977,0,0,0,0.999999881],"scale":1,"type":"tro_tree_2_medium"}
{"ctxid":1,"pos":[730.149841,-746.544617,962.121704],"rotationMatrix":[0.77176553,-0.635907054,0,0.635907054,0.77176553,0,0,0,0.999999881],"scale":1,"type":"tro_tree_2_medium"}
{"ctxid":1,"pos":[719.870911,-764.041809,963.836426],"rotationMatrix":[-0.611243367,0.791442454,0,-0.791442454,-0.611243367,0,0,0,0.999999881],"scale":1,"type":"tro_tree_2_medium"}
{"ctxid":1,"pos":[711.820618,-677.140686,955.276794],"rotationMatrix":[0.957747221,-0.287610888,0,0.287610888,0.957747221,0,0,0,0.999999881],"scale":1,"type":"tro_tree_2_medium"}
{"ctxid":1,"pos":[703.422424,-675.561035,954.559265],"rotationMatrix":[0.919018507,0.394214213,0,-0.394214213,0.919018507,0,0,0,0.999999881],"scale":1,"type":"tro_tree_2_medium"}
{"ctxid":1,"pos":[688.066162,-678.048462,953.749512],"rotationMatrix":[-0.470143288,0.882589936,0,-0.882589936,-0.470143288,0,0,0,0.999999881],"scale":1,"type":"tro_tree_2_medium"}
{"ctxid":1,"pos":[693.260254,-681.635376,954.438232],"rotationMatrix":[0.640862346,-0.767655671,0,0.767655671,0.640862346,0,0,0,0.999999881],"scale":1,"type":"tro_tree_2_medium"}
{"ctxid":1,"pos":[689.921387,-695.396301,955.646118],"rotationMatrix":[0.691215932,-0.722648203,0,0.722648203,0.691215932,0,0,0,0.999999881],"scale":1,"type":"tro_tree_2_medium"}
{"ctxid":1,"pos":[690.237671,-689.943909,955.096802],"rotationMatrix":[-0.631412685,-0.775446951,0,0.775446951,-0.631412685,0,0,0,0.999999881],"scale":1,"type":"tro_tree_2_medium"}
{"ctxid":1,"pos":[678.37793,-696.3927,955.078796],"rotationMatrix":[-0.452252388,-0.891889989,0,0.891889989,-0.452252388,0,0,0,0.999999881],"scale":1,"type":"tro_tree_2_medium"}
{"ctxid":1,"pos":[702.829651,-706.404785,957.375977],"rotationMatrix":[-0.436465234,-0.899720967,0,0.899720967,-0.436465234,0,0,0,0.999999881],"scale":1,"type":"tro_tree_2_medium"}
{"ctxid":1,"pos":[724.429565,-758.399902,963.310303],"rotationMatrix":[0.400362223,-0.916356862,0,0.916356862,0.400362223,0,0,0,0.999999881],"scale":1,"type":"tro_tree_2_medium"}
{"ctxid":1,"pos":[744.939514,-747.948608,962.27478],"rotationMatrix":[0.271077663,0.962557495,0,-0.962557495,0.271077663,0,0,0,0.999999881],"scale":1,"type":"tro_tree_2_medium"}
{"ctxid":1,"pos":[726.065918,-766.353638,964.076538],"rotationMatrix":[-0.528169155,0.849139035,0,-0.849139035,-0.528169155,0,0,0,0.999999881],"scale":1,"type":"tro_tree_2_medium"}
{"ctxid":1,"pos":[746.766357,-763.469666,963.827087],"rotationMatrix":[0.111464769,0.993768334,0,-0.993768334,0.111464769,0,0,0,0.999999881],"scale":1,"type":"tro_tree_2_medium"}
{"ctxid":1,"pos":[745.344299,-754.723572,962.94751],"rotationMatrix":[0.494201183,-0.869347513,0,0.869347513,0.494201183,0,0,0,0.999999881],"scale":1,"type":"tro_tree_2_medium"}
{"ctxid":1,"pos":[741.955933,-762.339905,963.707947],"rotationMatrix":[-0.932351828,-0.361552089,0,0.361552089,-0.932351828,0,0,0,0.999999881],"scale":1,"type":"tro_tree_2_medium"}
{"ctxid":1,"pos":[742.730774,-759.554199,963.428711],"rotationMatrix":[0.520954669,-0.85358417,0,0.85358417,0.520954669,0,0,0,0.999999881],"scale":1,"type":"tro_tree_2_medium"}
{"ctxid":1,"pos":[725.418274,-761.316406,963.588562],"rotationMatrix":[-0.896492541,-0.44305867,0,0.44305867,-0.896492541,0,0,0,0.999999881],"scale":1,"type":"tro_tree_2_medium"}
{"ctxid":1,"pos":[755.400818,-657.906616,955.397461],"rotationMatrix":[0.937428534,0.348177612,0,-0.348177612,0.937428534,0,0,0,0.999999881],"scale":1,"type":"tro_tree_2_medium"}
{"ctxid":1,"pos":[744.321533,-656.657715,954.715698],"rotationMatrix":[-0.0286976639,0.999588013,0,-0.999588013,-0.0286976639,0,0,0,0.999999881],"scale":1,"type":"tro_tree_2_medium"}
{"ctxid":1,"pos":[745.785645,-679.941833,956.751831],"rotationMatrix":[0.996430099,0.0844209939,0,-0.0844209939,0.996430099,0,0,0,0.999999881],"scale":1,"type":"tro_tree_2_medium"}
{"ctxid":1,"pos":[757.120789,-669.956055,955.952271],"rotationMatrix":[0.854159296,0.520011365,0,-0.520011365,0.854159296,0,0,0,0.999999881],"scale":1,"type":"tro_tree_2_medium"}
{"ctxid":1,"pos":[751.025818,-658.36084,955.199219],"rotationMatrix":[-0.386235714,0.922399998,0,-0.922399998,-0.386235714,0,0,0,0.999999881],"scale":1,"type":"tro_tree_2_medium"}
{"ctxid":1,"pos":[733.885803,-670.803772,955.877441],"rotationMatrix":[-0.810590446,-0.58561331,0,0.58561331,-0.810590446,0,0,0,0.999999881],"scale":1,"type":"tro_tree_2_medium"}
{"ctxid":1,"pos":[746.417847,-674.409607,956.307495],"rotationMatrix":[0.0907051489,-0.995877743,0,0.995877743,0.0907051489,0,0,0,0.999999881],"scale":1,"type":"tro_tree_2_medium"}
{"ctxid":1,"pos":[687.635742,-686.088257,954.548462],"rotationMatrix":[0.886514485,-0.462700546,0,0.462700546,0.886514485,0,0,0,0.999999881],"scale":1,"type":"tro_tree_2_medium"}
{"ctxid":1,"pos":[685.365601,-679.637207,953.751221],"rotationMatrix":[0.801429152,-0.598089635,0,0.598089635,0.801429152,0,0,0,0.999999881],"scale":1,"type":"tro_tree_2_medium"}
{"ctxid":1,"pos":[693.063477,-691.455383,955.408569],"rotationMatrix":[0.806575239,0.591131389,0,-0.591131389,0.806575239,0,0,0,0.999999881],"scale":1,"type":"tro_tree_2_medium"}
{"ctxid":1,"pos":[738.657959,-644.46106,953.172974],"rotationMatrix":[-0.621846974,-0.783138633,0,0.783138633,-0.621846974,0,0,0,0.999999881],"scale":1,"type":"tro_tree_2_medium"}
{"ctxid":1,"pos":[733.106323,-650.283936,953.319641],"rotationMatrix":[-0.914821327,-0.403858632,0,0.403858632,-0.914821327,0,0,0,0.999999881],"scale":1,"type":"tro_tree_2_medium"}
{"ctxid":1,"pos":[735.677429,-637.43335,952.32843],"rotationMatrix":[-0.89392364,-0.448219299,0,0.448219299,-0.89392364,0,0,0,0.999999881],"scale":1,"type":"tro_tree_2_medium"}
{"ctxid":1,"pos":[736.263184,-633.069153,952.052124],"rotationMatrix":[-0.584983349,0.811045051,0,-0.811045051,-0.584983349,0,0,0,0.999999881],"scale":1,"type":"tro_tree_2_medium"}
{"ctxid":1,"pos":[737.332581,-629.458801,951.91925],"rotationMatrix":[-0.998095989,-0.0616784841,0,0.0616784841,-0.998095989,0,0,0,0.999999881],"scale":1,"type":"tro_tree_2_medium"}
{"ctxid":1,"pos":[707.129883,-719.720703,959.183655],"rotationMatrix":[-0.369695902,-0.929152727,0,0.929152727,-0.369695902,0,0,0,0.999999881],"scale":1,"type":"tro_tree_2_medium"}
{"ctxid":1,"pos":[714.539612,-714.519714,958.667236],"rotationMatrix":[-0.863324463,0.504648924,0,-0.504648924,-0.863324463,0,0,0,0.999999881],"scale":1,"type":"tro_tree_2_medium"}
{"ctxid":1,"pos":[725.895691,-712.166504,958.670288],"rotationMatrix":[0.393224776,-0.919442356,0,0.919442356,0.393224776,0,0,0,0.999999881],"scale":1,"type":"tro_tree_2_medium"}
{"ctxid":1,"pos":[715.530701,-707.222778,957.879089],"rotationMatrix":[-0.834421933,-0.551125884,0,0.551125884,-0.834421933,0,0,0,0.999999881],"scale":1,"type":"tro_tree_2_medium"}
{"ctxid":1,"pos":[716.003113,-717.103638,959.000977],"rotationMatrix":[0.745255947,-0.666778445,0,0.666778445,0.745255947,0,0,0,0.999999881],"scale":1,"type":"tro_tree_2_medium"}
{"ctxid":1,"pos":[715.568848,-667.74353,954.56189],"rotationMatrix":[0.847013235,0.531571686,0,-0.531571686,0.847013235,0,0,0,0.999999881],"scale":1,"type":"tro_tree_2_medium"}
{"ctxid":1,"pos":[711.884827,-664.802246,953.990662],"rotationMatrix":[-0.862705171,0.505707145,0,-0.505707145,-0.862705171,0,0,0,0.999999881],"scale":1,"type":"tro_tree_2_medium"}
{"ctxid":1,"pos":[702.14679,-682.677734,955.123352],"rotationMatrix":[-0.948470831,0.316864312,0,-0.316864312,-0.948470831,0,0,0,0.999999881],"scale":1,"type":"tro_tree_2_medium"}
{"ctxid":1,"pos":[695.862915,-665.537231,953.028809],"rotationMatrix":[-0.53143841,-0.847096741,0,0.847096741,-0.53143841,0,0,0,0.999999881],"scale":1,"type":"tro_tree_2_medium"}
{"ctxid":1,"pos":[716.25647,-661.181152,953.812866],"rotationMatrix":[-0.436615378,-0.899648249,0,0.899648249,-0.436615378,0,0,0,0.999999881],"scale":1,"type":"tro_tree_2_medium"}
{"ctxid":1,"pos":[732.221802,-614.908264,950.738647],"rotationMatrix":[0.00566709135,-0.999983847,0,0.999983847,0.00566709135,0,0,0,0.999999881],"scale":1,"type":"tro_tree_2_medium"}
{"ctxid":1,"pos":[739.913086,-617.837036,951.705322],"rotationMatrix":[0.814243972,-0.580522776,0,0.580522776,0.814243972,0,0,0,0.999999881],"scale":1,"type":"tro_tree_2_medium"}
{"ctxid":1,"pos":[715.45813,-632.389221,950.569214],"rotationMatrix":[0.970262587,0.242054537,0,-0.242054537,0.970262587,0,0,0,0.999999881],"scale":1,"type":"tro_tree_2_medium"}
{"ctxid":1,"pos":[713.532227,-630.933533,950.3302],"rotationMatrix":[0.809140861,0.587614715,0,-0.587614715,0.809140861,0,0,0,0.999999881],"scale":1,"type":"tro_tree_2_medium"}
{"ctxid":1,"pos":[736.496338,-622.992371,951.472534],"rotationMatrix":[0.662529528,-0.749035716,0,0.749035716,0.662529528,0,0,0,0.999999881],"scale":1,"type":"tro_tree_2_medium"}
{"ctxid":1,"pos":[730.667603,-637.139282,951.902466],"rotationMatrix":[-0.991526008,-0.129907906,0,0.129907906,-0.991526008,0,0,0,0.999999881],"scale":1,"type":"tro_tree_2_medium"}
{"ctxid":1,"pos":[745.336243,-650.738647,954.284912],"rotationMatrix":[-0.527338803,-0.849655032,0,0.849655032,-0.527338803,0,0,0,0.999999881],"scale":1,"type":"tro_tree_2_medium"}
{"ctxid":1,"pos":[739.846558,-665.435913,955.437012],"rotationMatrix":[0.179775432,0.983707666,0,-0.983707666,0.179775432,0,0,0,0.999999881],"scale":1,"type":"tro_tree_2_medium"}
{"ctxid":1,"pos":[743.218018,-671.32959,956.064758],"rotationMatrix":[-0.522582293,0.852588654,0,-0.852588654,-0.522582293,0,0,0,0.999999881],"scale":1,"type":"tro_tree_2_medium"}
{"ctxid":1,"pos":[728.907227,-653.066101,953.41333],"rotationMatrix":[0.070745118,-0.99749434,0,0.99749434,0.070745118,0,0,0,0.999999881],"scale":1,"type":"tro_tree_2_medium"}
{"ctxid":1,"pos":[738.472595,-657.821411,954.519775],"rotationMatrix":[0.126394957,0.991979957,0,-0.991979957,0.126394957,0,0,0,0.999999881],"scale":1,"type":"tro_tree_2_medium"}
{"ctxid":1,"pos":[687.633606,-647.447327,950.90625],"rotationMatrix":[0.923928797,-0.382564127,0,0.382564127,0.923928797,0,0,0,0.999999881],"scale":1,"type":"tro_tree_2_medium"}
{"ctxid":1,"pos":[675.935791,-632.656494,949.284546],"rotationMatrix":[0.457999468,0.888952494,0,-0.888952494,0.457999468,0,0,0,0.999999881],"scale":1,"type":"tro_tree_2_medium"}
{"ctxid":1,"pos":[690.445312,-641.242493,950.458862],"rotationMatrix":[0.977569878,-0.210610837,0,0.210610837,0.977569878,0,0,0,0.999999881],"scale":1,"type":"tro_tree_2_medium"}
{"ctxid":1,"pos":[685.542542,-631.896973,949.408325],"rotationMatrix":[0.825863421,0.563870192,0,-0.563870192,0.825863421,0,0,0,0.999999881],"scale":1,"type":"tro_tree_2_medium"}
{"ctxid":1,"pos":[690.995361,-636.50885,950.010864],"rotationMatrix":[0.504771054,0.863253236,0,-0.863253236,0.504771054,0,0,0,0.999999881],"scale":1,"type":"tro_tree_2_medium"}
