{"ctxid":1,"pos":[-890.899292,-819.261841,929.087036],"rotationMatrix":[-0.462387949,0.886677563,0,-0.886677563,-0.462387949,0,0,0,0.999999881],"scale":1,"type":"tro_tree_1_huge"}
{"ctxid":1,"pos":[-852.930054,-782.351868,930.487854],"rotationMatrix":[-0.779432476,-0.626486003,0,0.626486003,-0.779432476,0,0,0,0.999999881],"scale":1,"type":"tro_tree_1_huge"}
{"ctxid":1,"pos":[-870.265137,-821.414612,925.14563],"rotationMatrix":[0.0791804045,0.996860206,0,-0.996860206,0.0791804045,0,0,0,0.999999881],"scale":1,"type":"tro_tree_1_huge"}
{"ctxid":1,"pos":[-846.352783,-806.365967,924.877502],"rotationMatrix":[-0.998210967,0.0597876795,0,-0.0597876795,-0.998210967,0,0,0,0.999999881],"scale":1,"type":"tro_tree_1_huge"}
{"ctxid":1,"pos":[-890.705444,-831.612427,926.444519],"rotationMatrix":[-0.289106429,0.957296789,0,-0.957296789,-0.289106429,0,0,0,0.999999881],"scale":1,"type":"tro_tree_1_huge"}
{"ctxid":1,"pos":[-893.424438,-834.029968,926.446106],"rotationMatrix":[-0.125840724,-0.99205035,0,0.99205035,-0.125840724,0,0,0,0.999999881],"scale":1,"type":"tro_tree_1_huge"}
{"ctxid":1,"pos":[-869.329651,-812.676392,926.665161],"rotationMatrix":[-0.0717721432,0.997420967,0,-0.997420967,-0.0717721432,0,0,0,0.999999881],"scale":1,"type":"tro_tree_1_huge"}
{"ctxid":1,"pos":[-909.763916,-860.998596,924.124146],"rotationMatrix":[0.692224383,-0.721682191,0,0.721682191,0.692224383,0,0,0,0.999999881],"scale":1,"type":"tro_tree_1_huge"}
{"ctxid":1,"pos":[-882.353943,-814.53418,928.791382],"rotationMatrix":[-0.0294326618,-0.999566674,0,0.999566674,-0.0294326618,0,0,0,0.999999881],"scale":1,"type":"tro_tree_1_huge"}
{"ctxid":1,"pos":[-860.245544,-823.816467,923.530334],"rotationMatrix":[0.423895806,0.905710995,0,-0.905710995,0.423895806,0,0,0,0.999999881],"scale":1,"type":"tro_tree_1_huge"}
{"ctxid":1,"pos":[-926.867004,-876.770813,924.061401],"rotationMatrix":[-0.385715783,-0.922617614,0,0.922617614,-0.385715783,0,0,0,0.999999881],"scale":1,"type":"tro_tree_1_huge"}
{"ctxid":1,"pos":[-803.426392,-783.18396,925.219116],"rotationMatrix":[0.457028478,0.8894521,0,-0.8894521,0.457028478,0,0,0,0.999999881],"scale":1,"type":"tro_tree_1_huge"}
{"ctxid":1,"pos":[-800.258789,-789.80658,923.546265],"rotationMatrix":[-0.626398563,-0.779502928,0,0.779502928,-0.626398563,0,0,0,0.999999881],"scale":1,"type":"tro_tree_1_huge"}
{"ctxid":1,"pos":[-905.041687,-857.777161,923.96936],"rotationMatrix":[-0.991861284,0.127322152,0,-0.127322152,-0.991861284,0,0,0,0.999999881],"scale":1,"type":"tro_tree_1_huge"}
{"ctxid":1,"pos":[-911.359009,-850.500244,926.352417],"rotationMatrix":[0.658504784,0.75257653,0,-0.75257653,0.658504784,0,0,0,0.999999881],"scale":1,"type":"tro_tree_1_huge"}
{"ctxid":1,"pos":[-914.842712,-853.585754,926.340942],"rotationMatrix":[-0.790389717,-0.61260438,0,0.61260438,-0.790389717,0,0,0,0.999999881],"scale":1,"type":"tro_tree_1_huge"}
{"ctxid":1,"pos":[-902.959839,-854.706848,924.181946],"rotationMatrix":[-0.629548013,-0.776961565,0,0.776961565,-0.629548013,0,0,0,0.999999881],"scale":1,"type":"tro_tree_1_huge"}
{"ctxid":1,"pos":[-887.914429,-815.094727,929.217957],"rotationMatrix":[-0.63312614,-0.774048626,0,0.774048626,-0.63312614,0,0,0,0.999999881],"scale":1,"type":"tro_tree_1_huge"}
{"ctxid":1,"pos":[-893.835144,-821.381592,929.153442],"rotationMatrix":[0.801564872,-0.597907603,0,0.597907603,0.801564872,0,0,0,0.999999881],"scale":1,"type":"tro_tree_1_huge"}
{"ctxid":1,"pos":[-896.795166,-817.895691,929.788147],"rotationMatrix":[-0.630132496,0.77648741,0,-0.77648741,-0.630132496,0,0,0,0.999999881],"scale":1,"type":"tro_tree_1_huge"}
{"ctxid":1,"pos":[-887.647156,-823.362122,927.661011],"rotationMatrix":[0.605816901,0.79560411,0,-0.79560411,0.605816901,0,0,0,0.999999881],"scale":1,"type":"tro_tree_1_huge"}
{"ctxid":1,"pos":[-895.718567,-831.576294,927.424927],"rotationMatrix":[0.838481784,0.544929564,0,-0.544929564,0.838481784,0,0,0,0.999999881],"scale":1,"type":"tro_tree_1_huge"}
{"ctxid":1,"pos":[-901.992432,-832.364868,928.615845],"rotationMatrix":[0.24883306,-0.968546331,0,0.968546331,0.24883306,0,0,0,0.999999881],"scale":1,"type":"tro_tree_1_huge"}
{"ctxid":1,"pos":[-731.89093,-787.291687,927.130005],"rotationMatrix":[0.790534794,-0.612416923,0,0.612416923,0.790534794,0,0,0,0.999999881],"scale":1,"type":"tro_tree_1_huge"}
{"ctxid":1,"pos":[-729.706482,-791.230225,927.839111],"rotationMatrix":[0.701972663,-0.712203681,0,0.712203681,0.701972663,0,0,0,0.999999881],"scale":1,"type":"tro_tree_1_huge"}
{"ctxid":1,"pos":[477.625519,-603.322388,940.696777],"rotationMatrix":[0.566355169,0.824161232,0,-0.824161232,0.566355169,0,0,0,0.999999881],"scale":1,"type":"tro_tree_1_huge"}
{"ctxid":1,"pos":[473.274292,-595.531433,940.300171],"rotationMatrix":[0.884546101,-0.466452658,0,0.466452658,0.884546101,0,0,0,0.999999881],"scale":1,"type":"tro_tree_1_huge"}
{"ctxid":1,"pos":[515.347473,-611.405884,942.361511],"rotationMatrix":[0.526960492,-0.849889696,0,0.849889696,0.526960492,0,0,0,0.999999881],"scale":1,"type":"tro_tree_1_huge"}
{"ctxid":1,"pos":[514.265625,-616.406555,942.585815],"rotationMatrix":[0.852135837,-0.523320496,0,0.523320496,0.852135837,0,0,0,0.999999881],"scale":1,"type":"tro_tree_1_huge"}
{"ctxid":1,"pos":[498.57251,-606.693848,941.470215],"rotationMatrix":[0.628611624,0.777719319,0,-0.777719319,0.628611624,0,0,0,0.999999881],"scale":1,"type":"tro_tree_1_huge"}
{"ctxid":1,"pos":[539.096008,-593.195129,925.998657],"rotationMatrix":[-0.211617321,0.9773525,0,-0.9773525,-0.211617321,0,0,0,0.999999881],"scale":1,"type":"tro_tree_1_huge"}
{"ctxid":1,"pos":[512.934692,-598.107056,925.998657],"rotationMatrix":[-0.999065876,-0.0432110243,0,0.0432110243,-0.999065876,0,0,0,0.999999881],"scale":1,"type":"tro_tree_1_huge"}
{"ctxid":1,"pos":[492.84552,-601.732544,937.0401],"rotationMatrix":[0.698130727,-0.715970099,0,0.715970099,0.698130727,0,0,0,0.999999881],"scale":1,"type":"tro_tree_1_huge"}
{"ctxid":1,"pos":[505.90036,-606.261169,941.732605],"rotationMatrix":[-0.310574293,-0.950549066,0,0.950549066,-0.310574293,0,0,0,0.999999881],"scale":1,"type":"tro_tree_1_huge"}
{"ctxid":1,"pos":[491.195099,-585.673096,940.815491],"rotationMatrix":[0.666825116,-0.745214045,0,0.745214045,0.666825116,0,0,0,0.999999881],"scale":1,"type":"tro_tree_1_huge"}
{"ctxid":1,"pos":[544.119263,-590.881897,943.785645],"rotationMatrix":[-0.0536525585,0.998559535,0,-0.998559535,-0.0536525585,0,0,0,0.999999881],"scale":1,"type":"tro_tree_1_huge"}
{"ctxid":1,"pos":[572.050415,-608.099609,946.825317],"rotationMatrix":[0.0750504583,0.997179687,0,-0.997179687,0.0750504583,0,0,0,0.999999881],"scale":1,"type":"tro_tree_1_huge"}
{"ctxid":1,"pos":[543.798706,-610.842102,944.806885],"rotationMatrix":[0.0528843664,-0.998600543,0,0.998600543,0.0528843664,0,0,0,0.999999881],"scale":1,"type":"tro_tree_1_huge"}
{"ctxid":1,"pos":[529.136353,-601.388123,925.998657],"rotationMatrix":[-0.998793185,0.0491114743,0,-0.0491114743,-0.998793185,0,0,0,0.999999881],"scale":1,"type":"tro_tree_1_huge"}
{"ctxid":1,"pos":[534.746338,-619.849426,944.390747],"rotationMatrix":[0.409542382,0.91229111,0,-0.91229111,0.409542382,0,0,0,0.999999881],"scale":1,"type":"tro_tree_1_huge"}
{"ctxid":1,"pos":[540.299194,-623.790039,945.376709],"rotationMatrix":[0.978923738,-0.204225689,0,0.204225689,0.978923738,0,0,0,0.999999881],"scale":1,"type":"tro_tree_1_huge"}
{"ctxid":1,"pos":[548.626587,-598.840271,925.998657],"rotationMatrix":[0.856677771,-0.515851676,0,0.515851676,0.856677771,0,0,0,0.999999881],"scale":1,"type":"tro_tree_1_huge"}
{"ctxid":1,"pos":[537.026855,-599.304138,925.998657],"rotationMatrix":[-0.987242639,0.159222573,0,-0.159222573,-0.987242639,0,0,0,0.999999881],"scale":1,"type":"tro_tree_1_huge"}
{"ctxid":1,"pos":[541.611511,-588.57019,943.652344],"rotationMatrix":[0.894387364,-0.447293043,0,0.447293043,0.894387364,0,0,0,0.999999881],"scale":1,"type":"tro_tree_1_huge"}
{"ctxid":1,"pos":[620.708862,-602.63385,948.276855],"rotationMatrix":[0.982222855,-0.187717855,0,0.187717855,0.982222855,0,0,0,0.999999881],"scale":1,"type":"tro_tree_1_huge"}
{"ctxid":1,"pos":[603.687317,-593.958191,947.08728],"rotationMatrix":[-0.738962948,-0.673746049,0,0.673746049,-0.738962948,0,0,0,0.999999881],"scale":1,"type":"tro_tree_1_huge"}
{"ctxid":1,"pos":[678.512085,-578.656494,948.339722],"rotationMatrix":[0.0601970889,-0.998186409,0,0.998186409,0.0601970889,0,0,0,0.999999881],"scale":1,"type":"tro_tree_1_huge"}
{"ctxid":1,"pos":[718.471802,-585.117676,949.44104],"rotationMatrix":[-0.295069873,-0.955475628,0,0.955475628,-0.295069873,0,0,0,0.999999881],"scale":1,"type":"tro_tree_1_huge"}
{"ctxid":1,"pos":[672.381958,-578.790649,948.19165],"rotationMatrix":[0.932298124,-0.361690462,0,0.361690462,0.932298124,0,0,0,0.999999881],"scale":1,"type":"tro_tree_1_huge"}
{"ctxid":1,"pos":[698.42572,-596.71875,947.057251],"rotationMatrix":[-0.254012585,0.967200816,0,-0.967200816,-0.254012585,0,0,0,0.999999881],"scale":1,"type":"tro_tree_1_huge"}
{"ctxid":1,"pos":[706.307983,-611.39978,948.339233],"rotationMatrix":[0.775471032,-0.631382942,0,0.631382942,0.775471032,0,0,0,0.999999881],"scale":1,"type":"tro_tree_1_huge"}
{"ctxid":1,"pos":[736.577209,-618.444519,951.309448],"rotationMatrix":[-0.908038437,0.418886632,0,-0.418886632,-0.908038437,0,0,0,0.999999881],"scale":1,"type":"tro_tree_1_huge"}
{"ctxid":1,"pos":[760.3479,-592.82489,955.014343],"rotationMatrix":[-0.982017815,-0.188787907,0,0.188787907,-0.982017815,0,0,0,0.999999881],"scale":1,"type":"tro_tree_1_huge"}
{"ctxid":1,"pos":[754.900085,-593.748535,954.232178],"rotationMatrix":[-0.751238942,-0.660030365,0,0.660030365,-0.751238942,0,0,0,0.999999881],"scale":1,"type":"tro_tree_1_huge"}
{"ctxid":1,"pos":[747.26001,-595.830444,953.011597],"rotationMatrix":[0.25335449,-0.967373431,0,0.967373431,0.25335449,0,0,0,0.999999881],"scale":1,"type":"tro_tree_1_huge"}
{"ctxid":1,"pos":[743.344116,-591.166138,952.648682],"rotationMatrix":[-0.934180915,-0.356799513,0,0.356799513,-0.934180915,0,0,0,0.999999881],"scale":1,"type":"tro_tree_1_huge"}
{"ctxid":1,"pos":[757.756531,-592.082764,954.701416],"rotationMatrix":[0.75879997,-0.651323617,0,0.651323617,0.75879997,0,0,0,0.999999881],"scale":1,"type":"tro_tree_1_huge"}
{"ctxid":1,"pos":[746.435791,-601.21405,952.69928],"rotationMatrix":[0.821996629,0.56949234,0,-0.56949234,0.821996629,0,0,0,0.999999881],"scale":1,"type":"tro_tree_1_huge"}
{"ctxid":1,"pos":[752.006897,-602.361694,953.509399],"rotationMatrix":[0.918996274,-0.394266039,0,0.394266039,0.918996274,0,0,0,0.999999881],"scale":1,"type":"tro_tree_1_huge"}
{"ctxid":1,"pos":[724.66626,-603.828735,949.718811],"rotationMatrix":[0.0752377957,0.997165561,0,-0.997165561,0.0752377957,0,0,0,0.999999881],"scale":1,"type":"tro_tree_1_huge"}
{"ctxid":1,"pos":[726.411377,-614.69751,950.138794],"rotationMatrix":[-0.463633507,-0.886026919,0,0.886026919,-0.463633507,0,0,0,0.999999881],"scale":1,"type":"tro_tree_1_huge"}
{"ctxid":1,"pos":[750.152588,-596.894348,953.406311],"rotationMatrix":[-0.104664743,0.994507492,0,-0.994507492,-0.104664743,0,0,0,0.999999881],"scale":1,"type":"tro_tree_1_huge"}
{"ctxid":1,"pos":[780.931396,-609.096375,956.782349],"rotationMatrix":[0.17619805,-0.984354615,0,0.984354615,0.17619805,0,0,0,0.999999881],"scale":1,"type":"tro_tree_1_huge"}
{"ctxid":1,"pos":[779.529419,-625.548279,956.524353],"rotationMatrix":[0.246766463,-0.969074845,0,0.969074845,0.246766463,0,0,0,0.999999881],"scale":1,"type":"tro_tree_1_huge"}
{"ctxid":1,"pos":[801.608032,-645.567261,957.672852],"rotationMatrix":[-0.271082371,0.962556064,0,-0.962556064,-0.271082371,0,0,0,0.999999881],"scale":1,"type":"tro_tree_1_huge"}
{"ctxid":1,"pos":[795.738586,-657.184082,957.428955],"rotationMatrix":[-0.215890244,0.976417482,0,-0.976417482,-0.215890244,0,0,0,0.999999881],"scale":1,"type":"tro_tree_1_huge"}
{"ctxid":1,"pos":[802.895081,-670.027222,958.009033],"rotationMatrix":[0.682785332,-0.730618954,0,0.730618954,0.682785332,0,0,0,0.999999881],"scale":1,"type":"tro_tree_1_huge"}
{"ctxid":1,"pos":[787.300659,-725.501404,963.064575],"rotationMatrix":[0.813454807,0.581628084,0,-0.581628084,0.813454807,0,0,0,0.999999881],"scale":1,"type":"tro_tree_1_huge"}
{"ctxid":1,"pos":[793.260498,-719.897644,962.769409],"rotationMatrix":[-0.0696198791,-0.997573495,0,0.997573495,-0.0696198791,0,0,0,0.999999881],"scale":1,"type":"tro_tree_1_huge"}
{"ctxid":1,"pos":[782.799194,-741.636719,963.944397],"rotationMatrix":[0.50669688,-0.862124205,0,0.862124205,0.50669688,0,0,0,0.999999881],"scale":1,"type":"tro_tree_1_huge"}
{"ctxid":1,"pos":[748.988708,-781.992188,965.863037],"rotationMatrix":[0.766063869,-0.64276439,0,0.64276439,0.766063869,0,0,0,0.999999881],"scale":1,"type":"tro_tree_1_huge"}
{"ctxid":1,"pos":[772.421082,-770.708862,964.924927],"rotationMatrix":[0.981565654,0.19112508,0,-0.19112508,0.981565654,0,0,0,0.999999881],"scale":1,"type":"tro_tree_1_huge"}
{"ctxid":1,"pos":[741.455811,-751.924866,962.664062],"rotationMatrix":[0.996321976,0.0856876299,0,-0.0856876299,0.996321976,0,0,0,0.999999881],"scale":1,"type":"tro_tree_1_huge"}
{"ctxid":1,"pos":[752.495117,-776.213623,965.213501],"rotationMatrix":[-0.752757728,-0.658297479,0,0.658297479,-0.752757728,0,0,0,0.999999881],"scale":1,"type":"tro_tree_1_huge"}
{"ctxid":1,"pos":[758.994812,-786.555359,966.293091],"rotationMatrix":[-0.993497968,-0.113849156,0,0.113849156,-0.993497968,0,0,0,0.999999881],"scale":1,"type":"tro_tree_1_huge"}
{"ctxid":1,"pos":[750.16449,-785.076599,966.183716],"rotationMatrix":[0.419969499,-0.907538056,0,0.907538056,0.419969499,0,0,0,0.999999881],"scale":1,"type":"tro_tree_1_huge"}
{"ctxid":1,"pos":[761.706055,-785.875549,966.229492],"rotationMatrix":[0.845555663,-0.533886969,0,0.533886969,0.845555663,0,0,0,0.999999881],"scale":1,"type":"tro_tree_1_huge"}
{"ctxid":1,"pos":[753.140442,-727.002319,960.533569],"rotationMatrix":[0.748054266,-0.6636374,0,0.6636374,0.748054266,0,0,0,0.999999881],"scale":1,"type":"tro_tree_1_huge"}
{"ctxid":1,"pos":[777.347595,-747.165405,963.652649],"rotationMatrix":[-0.223436117,-0.974718511,0,0.974718511,-0.223436117,0,0,0,0.999999881],"scale":1,"type":"tro_tree_1_huge"}
{"ctxid":1,"pos":[778.093689,-773.554565,965.351074],"rotationMatrix":[0.977417946,0.211314857,0,-0.211314857,0.977417946,0,0,0,0.999999881],"scale":1,"type":"tro_tree_1_huge"}
{"ctxid":1,"pos":[772.915161,-762.395691,964.266846],"rotationMatrix":[-0.5583812,-0.82958436,0,0.82958436,-0.5583812,0,0,0,0.999999881],"scale":1,"type":"tro_tree_1_huge"}
{"ctxid":1,"pos":[702.838318,-757.439941,963.006226],"rotationMatrix":[0.44558996,0.895237207,0,-0.895237207,0.44558996,0,0,0,0.999999881],"scale":1,"type":"tro_tree_1_huge"}
{"ctxid":1,"pos":[739.989075,-760.675903,963.539673],"rotationMatrix":[0.50164181,0.865075409,0,-0.865075409,0.50164181,0,0,0,0.999999881],"scale":1,"type":"tro_tree_1_huge"}
{"ctxid":1,"pos":[705.183411,-749.351685,962.400635],"rotationMatrix":[0.910869896,0.412693471,0,-0.412693471,0.910869896,0,0,0,0.999999881],"scale":1,"type":"tro_tree_1_huge"}
{"ctxid":1,"pos":[706.238342,-770.569702,964.141174],"rotationMatrix":[-0.817045212,-0.576573551,0,0.576573551,-0.817045212,0,0,0,0.999999881],"scale":1,"type":"tro_tree_1_huge"}
{"ctxid":1,"pos":[671.658691,-682.911743,953.341614],"rotationMatrix":[-0.249728367,0.96831584,0,-0.96831584,-0.249728367,0,0,0,0.999999881],"scale":1,"type":"tro_tree_1_huge"}
{"ctxid":1,"pos":[705.192932,-712.634766,958.208313],"rotationMatrix":[-0.992505729,-0.122197725,0,0.122197725,-0.992505729,0,0,0,0.999999881],"scale":1,"type":"tro_tree_1_huge"}
{"ctxid":1,"pos":[722.628052,-664.237244,954.553833],"rotationMatrix":[-0.58075577,-0.814077675,0,0.814077675,-0.58075577,0,0,0,0.999999881],"scale":1,"type":"tro_tree_1_huge"}
{"ctxid":1,"pos":[727.315796,-689.29303,957.050232],"rotationMatrix":[-0.250508159,-0.968114436,0,0.968114436,-0.250508159,0,0,0,0.999999881],"scale":1,"type":"tro_tree_1_huge"}
{"ctxid":1,"pos":[709.987183,-655.890808,952.852905],"rotationMatrix":[0.997039855,-0.0768849179,0,0.0768849179,0.997039855,0,0,0,0.999999881],"scale":1,"type":"tro_tree_1_huge"}
{"ctxid":1,"pos":[708.93573,-698.927429,956.849121],"rotationMatrix":[-0.579792678,-0.814763844,0,0.814763844,-0.579792678,0,0,0,0.999999881],"scale":1,"type":"tro_tree_1_huge"}
{"ctxid":1,"pos":[713.626221,-649.679321,952.302307],"rotationMatrix":[-0.998870909,0.047505457,0,-0.047505457,-0.998870909,0,0,0,0.999999881],"scale":1,"type":"tro_tree_1_huge"}
{"ctxid":1,"pos":[675.601074,-641.382935,949.922363],"rotationMatrix":[0.00579609768,0.999983132,0,-0.999983132,0.00579609768,0,0,0,0.999999881],"scale":1,"type":"tro_tree_1_huge"}
{"ctxid":1,"pos":[693.09259,-619.880066,948.473267],"rotationMatrix":[0.972161829,-0.23431012,0,0.23431012,0.972161829,0,0,0,0.999999881],"scale":1,"type":"tro_tree_1_huge"}
{"ctxid":1,"pos":[722.642273,-640.720337,951.751526],"rotationMatrix":[-0.938512981,-0.345243663,0,0.345243663,-0.938512981,0,0,0,0.999999881],"scale":1,"type":"tro_tree_1_huge"}
{"ctxid":1,"pos":[676.315735,-647.075195,950.385498],"rotationMatrix":[-0.853137434,-0.521686256,0,0.521686256,-0.853137434,0,0,0,0.999999881],"scale":1,"type":"tro_tree_1_huge"}
{"ctxid":1,"pos":[700.946655,-621.061279,948.806519],"rotationMatrix":[-0.439565748,-0.898210287,0,0.898210287,-0.439565748,0,0,0,0.999999881],"scale":1,"type":"tro_tree_1_huge"}
{"ctxid":1,"pos":[697.179565,-616.54541,948.312256],"rotationMatrix":[-0.925883472,0.377808839,0,-0.377808839,-0.925883472,0,0,0,0.999999881],"scale":1,"type":"tro_tree_1_huge"}
{"ctxid":1,"pos":[730.172852,-624.364075,950.919922],"rotationMatrix":[-0.999732256,-0.0231342241,0,0.0231342241,-0.999732256,0,0,0,0.999999881],"scale":1,"type":"tro_tree_1_huge"}
{"ctxid":1,"pos":[732.537231,-659.24115,954.399292],"rotationMatrix":[0.371255457,0.928530753,0,-0.928530753,0.371255457,0,0,0,0.999999881],"scale":1,"type":"tro_tree_1_huge"}
{"ctxid":1,"pos":[729.039124,-647.314697,952.748901],"rotationMatrix":[-0.332201064,-0.943208516,0,0.943208516,-0.332201064,0,0,0,0.999999881],"scale":1,"type":"tro_tree_1_huge"}
{"ctxid":1,"pos":[717.578674,-625.424133,950.046753],"rotationMatrix":[0.636280596,-0.771457553,0,0.771457553,0.636280596,0,0,0,0.999999881],"scale":1,"type":"tro_tree_1_huge"}
{"ctxid":1,"pos":[741.427917,-689.710022,957.476929],"rotationMatrix":[-0.456830978,-0.889553368,0,0.889553368,-0.456830978,0,0,0,0.999999881],"scale":1,"type":"tro_tree_1_huge"}
{"ctxid":1,"pos":[721.55542,-712.390808,958.585571],"rotationMatrix":[-0.874203026,0.485560566,0,-0.485560566,-0.874203026,0,0,0,0.999999881],"scale":1,"type":"tro_tree_1_huge"}
{"ctxid":1,"pos":[720.84314,-643.156982,951.90918],"rotationMatrix":[-0.0118887872,-0.999929249,0,0.999929249,-0.0118887872,0,0,0,0.999999881],"scale":1,"type":"tro_tree_1_huge"}
{"ctxid":1,"pos":[734.256104,-667.434021,955.506348],"rotationMatrix":[0.93932569,0.343026519,0,-0.343026519,0.93932569,0,0,0,0.999999881],"scale":1,"type":"tro_tree_1_huge"}
{"ctxid":1,"pos":[705.487793,-691.071289,956.023254],"rotationMatrix":[0.950917423,0.309444547,0,-0.309444547,0.950917423,0,0,0,0.999999881],"scale":1,"type":"tro_tree_1_huge"}
{"ctxid":1,"pos":[747.48822,-681.107117,956.824463],"rotationMatrix":[-0.792036355,-0.610473692,0,0.610473692,-0.792036355,0,0,0,0.999999881],"scale":1,"type":"tro_tree_1_huge"}
{"ctxid":1,"pos":[732.706665,-662.007324,954.766113],"rotationMatrix":[0.882719398,0.469900429,0,-0.469900429,0.882719398,0,0,0,0.999999881],"scale":1,"type":"tro_tree_1_huge"}
{"ctxid":1,"pos":[744.483521,-673.198486,956.223755],"rotationMatrix":[-0.432902247,-0.90144074,0,0.90144074,-0.432902247,0,0,0,0.999999881],"scale":1,"type":"tro_tree_1_huge"}
{"ctxid":1,"pos":[708.819702,-689.697754,956.094116],"rotationMatrix":[0.151780501,-0.988414109,0,0.988414109,0.151780501,0,0,0,0.999999881],"scale":1,"type":"tro_tree_1_huge"}
{"ctxid":1,"pos":[741.308655,-658.272949,954.713257],"rotationMatrix":[0.164229408,0.986422122,0,-0.986422122,0.164229408,0,0,0,0.999999881],"scale":1,"type":"tro_tree_1_huge"}
{"ctxid":1,"pos":[747.267761,-665.61792,955.594604],"rotationMatrix":[0.95179671,0.306729496,0,-0.306729496,0.95179671,0,0,0,0.999999881],"scale":1,"type":"tro_tree_1_huge"}
{"ctxid":1,"pos":[665.114624,-583.924927,947.247253],"rotationMatrix":[-0.132714763,0.991154134,0,-0.991154134,-0.132714763,0,0,0,0.999999881],"scale":1,"type":"tro_tree_1_huge"}
{"ctxid":1,"pos":[653.021423,-582.721741,947.437134],"rotationMatrix":[-0.394765466,-0.918781817,0,0.918781817,-0.394765466,0,0,0,0.999999881],"scale":1,"type":"tro_tree_1_huge"}
{"ctxid":1,"pos":[654.707764,-605.245178,948.035034],"rotationMatrix":[0.554519832,0.832170486,0,-0.832170486,0.554519832,0,0,0,0.999999881],"scale":1,"type":"tro_tree_1_huge"}
{"ctxid":1,"pos":[669.91095,-614.603271,948.105591],"rotationMatrix":[0.988238275,0.152921364,0,-0.152921364,0.988238275,0,0,0,0.999999881],"scale":1,"type":"tro_tree_1_huge"}
{"ctxid":1,"pos":[580.910095,-589.198669,945.241943],"rotationMatrix":[-0.895318568,-0.445426226,0,0.445426226,-0.895318568,0,0,0,0.999999881],"scale":1,"type":"tro_tree_1_huge"}
{"ctxid":1,"pos":[608.679077,-586.326599,946.963318],"rotationMatrix":[0.326878637,-0.945066273,0,0.945066273,0.326878637,0,0,0,0.999999881],"scale":1,"type":"tro_tree_1_huge"}
{"ctxid":1,"pos":[594.357361,-585.104492,945.969238],"rotationMatrix":[0.784037888,0.620712936,0,-0.620712936,0.784037888,0,0,0,0.999999881],"scale":1,"type":"tro_tree_1_huge"}
{"ctxid":1,"pos":[568.416504,-605.996887,925.998596],"rotationMatrix":[-0.554343343,-0.832287967,0,0.832287967,-0.554343343,0,0,0,0.999999881],"scale":1,"type":"tro_tree_1_huge"}
{"ctxid":1,"pos":[589.471924,-588.653503,945.700195],"rotationMatrix":[-0.959968865,-0.280106366,0,0.280106366,-0.959968865,0,0,0,0.999999881],"scale":1,"type":"tro_tree_1_huge"}
{"ctxid":1,"pos":[582.223206,-601.205078,925.998596],"rotationMatrix":[0.829281747,-0.558830559,0,0.558830559,0.829281747,0,0,0,0.999999881],"scale":1,"type":"tro_tree_1_huge"}
{"ctxid":1,"pos":[607.503906,-573.80957,947.004761],"rotationMatrix":[-0.245959267,-0.969280064,0,0.969280064,-0.245959267,0,0,0,0.999999881],"scale":1,"type":"tro_tree_1_huge"}
{"ctxid":1,"pos":[586.21936,-599.008911,946.494873],"rotationMatrix":[-0.75106895,-0.660223782,0,0.660223782,-0.75106895,0,0,0,0.999999881],"scale":1,"type":"tro_tree_1_huge"}
{"ctxid":1,"pos":[568.037842,-631.463867,947.325195],"rotationMatrix":[-0.11618004,-0.993228018,0,0.993228018,-0.11618004,0,0,0,0.999999881],"scale":1,"type":"tro_tree_1_huge"}
{"ctxid":1,"pos":[562.096191,-635.193726,947.053467],"rotationMatrix":[0.577978551,-0.816051781,0,0.816051781,0.577978551,0,0,0,0.999999881],"scale":1,"type":"tro_tree_1_huge"}
{"ctxid":1,"pos":[528.98291,-606.587585,925.998657],"rotationMatrix":[0.938548148,0.345148265,0,-0.345148265,0.938548148,0,0,0,0.999999881],"scale":1,"type":"tro_tree_1_huge"}
{"ctxid":1,"pos":[538.927002,-615.807007,944.579346],"rotationMatrix":[0.975280464,-0.220970154,0,0.220970154,0.975280464,0,0,0,0.999999881],"scale":1,"type":"tro_tree_1_huge"}
{"ctxid":1,"pos":[528.869324,-624.01532,944.177002],"rotationMatrix":[-0.99575448,-0.0920477659,0,0.0920477659,-0.99575448,0,0,0,0.999999881],"scale":1,"type":"tro_tree_1_huge"}
{"ctxid":1,"pos":[541.335754,-635.888245,946.180908],"rotationMatrix":[0.947211087,0.320610404,0,-0.320610404,0.947211087,0,0,0,0.999999881],"scale":1,"type":"tro_tree_1_huge"}
{"ctxid":1,"pos":[557.623718,-591.379028,944.402222],"rotationMatrix":[0.659436941,0.751759887,0,-0.751759887,0.659436941,0,0,0,0.999999881],"scale":1,"type":"tro_tree_1_huge"}
{"ctxid":1,"pos":[522.100952,-615.278381,942.916016],"rotationMatrix":[0.403599739,0.914935648,0,-0.914935648,0.403599739,0,0,0,0.999999881],"scale":1,"type":"tro_tree_1_huge"}
{"ctxid":1,"pos":[534.729248,-590.972107,938.674072],"rotationMatrix":[-0.724626482,0.689141691,0,-0.689141691,-0.724626482,0,0,0,0.999999881],"scale":1,"type":"tro_tree_1_huge"}
{"ctxid":1,"pos":[539.019775,-642.148193,946.334595],"rotationMatrix":[0.888743579,-0.458404303,0,0.458404303,0.888743579,0,0,0,0.999999881],"scale":1,"type":"tro_tree_1_huge"}
{"ctxid":1,"pos":[548.64801,-593.168701,941.0224],"rotationMatrix":[-0.552989662,-0.833188117,0,0.833188117,-0.552989662,0,0,0,0.999999881],"scale":1,"type":"tro_tree_1_huge"}
{"ctxid":1,"pos":[573.860229,-618.013184,947.637451],"rotationMatrix":[-0.66579783,-0.746132016,0,0.746132016,-0.66579783,0,0,0,0.999999881],"scale":1,"type":"tro_tree_1_huge"}
{"ctxid":1,"pos":[550.4151,-600.821655,925.998657],"rotationMatrix":[-0.847776711,0.53035301,0,-0.53035301,-0.847776711,0,0,0,0.999999881],"scale":1,"type":"tro_tree_1_huge"}
{"ctxid":1,"pos":[485.734467,-594.61731,925.998596],"rotationMatrix":[-0.919525385,-0.393030554,0,0.393030554,-0.919525385,0,0,0,0.999999881],"scale":1,"type":"tro_tree_1_huge"}
{"ctxid":1,"pos":[465.533813,-642.154785,947.171387],"rotationMatrix":[-0.731890261,-0.681422472,0,0.681422472,-0.731890261,0,0,0,0.999999881],"scale":1,"type":"tro_tree_1_huge"}
{"ctxid":1,"pos":[483.657501,-610.190125,941.308167],"rotationMatrix":[-0.0624553338,0.99804765,0,-0.99804765,-0.0624553338,0,0,0,0.999999881],"scale":1,"type":"tro_tree_1_huge"}
{"ctxid":1,"pos":[486.41745,-644.83728,946.608765],"rotationMatrix":[0.317626804,0.948215783,0,-0.948215783,0.317626804,0,0,0,0.999999881],"scale":1,"type":"tro_tree_1_huge"}
{"ctxid":1,"pos":[480.718536,-595.552429,933.986023],"rotationMatrix":[-0.074624069,0.997211635,0,-0.997211635,-0.074624069,0,0,0,0.999999881],"scale":1,"type":"tro_tree_1_huge"}
{"ctxid":1,"pos":[486.485138,-605.178467,941.021851],"rotationMatrix":[0.907246292,-0.42059949,0,0.42059949,0.907246292,0,0,0,0.999999881],"scale":1,"type":"tro_tree_1_huge"}
{"ctxid":1,"pos":[492.35257,-628.103088,944.011108],"rotationMatrix":[0.869897068,-0.493232965,0,0.493232965,0.869897068,0,0,0,0.999999881],"scale":1,"type":"tro_tree_1_huge"}
{"ctxid":1,"pos":[480.837769,-604.545654,940.83075],"rotationMatrix":[-0.732596278,-0.680663407,0,0.680663407,-0.732596278,0,0,0,0.999999881],"scale":1,"type":"tro_tree_1_huge"}
{"ctxid":1,"pos":[495.394928,-613.381958,941.856079],"rotationMatrix":[-0.521242082,0.853408694,0,-0.853408694,-0.521242082,0,0,0,0.999999881],"scale":1,"type":"tro_tree_1_huge"}
{"ctxid":1,"pos":[489.88446,-630.064453,944.380188],"rotationMatrix":[0.99963063,0.0271733347,0,-0.0271733347,0.99963063,0,0,0,0.999999881],"scale":1,"type":"tro_tree_1_huge"}
{"ctxid":1,"pos":[492.728455,-593.536987,925.998596],"rotationMatrix":[0.205298945,0.978699267,0,-0.978699267,0.205298945,0,0,0,0.999999881],"scale":1,"type":"tro_tree_1_huge"}
{"ctxid":1,"pos":[433.642578,-631.509155,947.22467],"rotationMatrix":[-0.457287282,0.889318883,0,-0.889318883,-0.457287282,0,0,0,0.999999881],"scale":1,"type":"tro_tree_1_huge"}
{"ctxid":1,"pos":[483.613739,-613.983582,941.67334],"rotationMatrix":[0.974019051,0.226465851,0,-0.226465851,0.974019051,0,0,0,0.999999881],"scale":1,"type":"tro_tree_1_huge"}
{"ctxid":1,"pos":[441.725922,-621.746033,946.206543],"rotationMatrix":[0.541428924,-0.840746403,0,0.840746403,0.541428924,0,0,0,0.999999881],"scale":1,"type":"tro_tree_1_huge"}
{"ctxid":1,"pos":[434.422058,-575.09198,939.995911],"rotationMatrix":[0.801250398,-0.598328948,0,0.598328948,0.801250398,0,0,0,0.999999881],"scale":1,"type":"tro_tree_1_huge"}
{"ctxid":1,"pos":[420.751648,-607.677734,943.896179],"rotationMatrix":[0.991566837,-0.129595459,0,0.129595459,0.991566837,0,0,0,0.999999881],"scale":1,"type":"tro_tree_1_huge"}
{"ctxid":1,"pos":[408.167206,-579.501038,940.037476],"rotationMatrix":[-0.166857824,-0.985980928,0,0.985980928,-0.166857824,0,0,0,0.999999881],"scale":1,"type":"tro_tree_1_huge"}
{"ctxid":1,"pos":[410.86499,-560.733337,935.11853],"rotationMatrix":[0.750664532,-0.660683453,0,0.660683453,0.750664532,0,0,0,0.999999881],"scale":1,"type":"tro_tree_1_huge"}
{"ctxid":1,"pos":[461.963043,-593.984314,940.368347],"rotationMatrix":[0.996509254,0.0834811404,0,-0.0834811404,0.996509254,0,0,0,0.999999881],"scale":1,"type":"tro_tree_1_huge"}
{"ctxid":1,"pos":[472.509033,-613.405457,941.558533],"rotationMatrix":[-0.710716069,-0.703478932,0,0.703478932,-0.710716069,0,0,0,0.999999881],"scale":1,"type":"tro_tree_1_huge"}
{"ctxid":1,"pos":[495.815247,-587.067505,941.028809],"rotationMatrix":[0.671960056,0.740587354,0,-0.740587354,0.671960056,0,0,0,0.999999881],"scale":1,"type":"tro_tree_1_huge"}
{"ctxid":1,"pos":[484.490601,-600.50061,940.728577],"rotationMatrix":[0.275109708,-0.961412728,0,0.961412728,0.275109708,0,0,0,0.999999881],"scale":1,"type":"tro_tree_1_huge"}
{"ctxid":1,"pos":[485.18811,-589.310364,925.998657],"rotationMatrix":[0.9962219,-0.0868434161,0,0.0868434161,0.9962219,0,0,0,0.999999881],"scale":1,"type":"tro_tree_1_huge"}
{"ctxid":1,"pos":[491.005981,-591.115662,926.08728],"rotationMatrix":[0.385755241,0.922601163,0,-0.922601163,0.385755241,0,0,0,0.999999881],"scale":1,"type":"tro_tree_1_huge"}
{"ctxid":1,"pos":[466.776093,-587.18396,925.998657],"rotationMatrix":[0.933443129,-0.35872528,0,0.35872528,0.933443129,0,0,0,0.999999881],"scale":1,"type":"tro_tree_1_huge"}
{"ctxid":1,"pos":[492.893005,-596.233398,925.998657],"rotationMatrix":[-0.986858606,0.161585525,0,-0.161585525,-0.986858606,0,0,0,0.999999881],"scale":1,"type":"tro_tree_1_huge"}
{"ctxid":1,"pos":[500.830383,-594.505005,925.998657],"rotationMatrix":[0.959120572,0.282997519,0,-0.282997519,0.959120572,0,0,0,0.999999881],"scale":1,"type":"tro_tree_1_huge"}
{"ctxid":1,"pos":[514.973999,-600.212708,925.998657],"rotationMatrix":[0.985607326,-0.169050217,0,0.169050217,0.985607326,0,0,0,0.999999881],"scale":1,"type":"tro_tree_1_huge"}
{"ctxid":1,"pos":[490.243164,-597.053345,925.998657],"rotationMatrix":[-0.666999519,0.74505794,0,-0.74505794,-0.666999519,0,0,0,0.999999881],"scale":1,"type":"tro_tree_1_huge"}
{"ctxid":1,"pos":[518.651062,-592.788513,942.460571],"rotationMatrix":[-0.774605095,0.632444918,0,-0.632444918,-0.774605095,0,0,0,0.999999881],"scale":1,"type":"tro_tree_1_huge"}
{"ctxid":1,"pos":[500.769287,-584.602173,941.372864],"rotationMatrix":[-0.986698627,0.162559763,0,-0.162559763,-0.986698627,0,0,0,0.999999881],"scale":1,"type":"tro_tree_1_huge"}
{"ctxid":1,"pos":[493.753265,-589.823547,940.907104],"rotationMatrix":[-0.490846276,-0.87124604,0,0.87124604,-0.490846276,0,0,0,0.999999881],"scale":1,"type":"tro_tree_1_huge"}
{"ctxid":1,"pos":[472.946045,-584.013306,925.998657],"rotationMatrix":[0.762288392,0.647237539,0,-0.647237539,0.762288392,0,0,0,0.999999881],"scale":1,"type":"tro_tree_1_huge"}
{"ctxid":1,"pos":[927.888733,-824.410889,967.810913],"rotationMatrix":[0.703521609,0.710673809,0,-0.710673809,0.703521609,0,0,0,0.999999881],"scale":1,"type":"tro_tree_1_huge"}
{"ctxid":1,"pos":[907.42218,-825.580627,966.145752],"rotationMatrix":[-0.319705576,0.947516799,0,-0.947516799,-0.319705576,0,0,0,0.999999881],"scale":1,"type":"tro_tree_1_huge"}
{"ctxid":1,"pos":[907.697998,-834.165222,966.534973],"rotationMatrix":[-0.983796477,0.179288194,0,-0.179288194,-0.983796477,0,0,0,0.999999881],"scale":1,"type":"tro_tree_1_huge"}
{"ctxid":1,"pos":[911.048157,-832.152039,966.718933],"rotationMatrix":[-0.0963728428,-0.995345175,0,0.995345175,-0.0963728428,0,0,0,0.999999881],"scale":1,"type":"tro_tree_1_huge"}
{"ctxid":1,"pos":[922.289429,-827.355164,967.459045],"rotationMatrix":[0.341422379,-0.939909875,0,0.939909875,0.341422379,0,0,0,0.999999881],"scale":1,"type":"tro_tree_1_huge"}
{"ctxid":1,"pos":[911.848938,-837.07959,966.963989],"rotationMatrix":[-0.997686565,0.0679794028,0,-0.0679794028,-0.997686565,0,0,0,0.999999881],"scale":1,"type":"tro_tree_1_huge"}
{"ctxid":1,"pos":[924.401855,-820.649902,967.233887],"rotationMatrix":[0.205511257,-0.978654683,0,0.978654683,0.205511257,0,0,0,0.999999881],"scale":1,"type":"tro_tree_1_huge"}
{"ctxid":1,"pos":[902.362427,-832.631531,966.059937],"rotationMatrix":[-0.944890678,0.327385724,0,-0.327385724,-0.944890678,0,0,0,0.999999881],"scale":1,"type":"tro_tree_1_huge"}
{"ctxid":1,"pos":[922.327393,-838.143372,967.905762],"rotationMatrix":[-0.954465687,-0.2983208,0,0.2983208,-0.954465687,0,0,0,0.999999881],"scale":1,"type":"tro_tree_1_huge"}
{"ctxid":1,"pos":[902.180176,-835.968506,966.174622],"rotationMatrix":[-0.219513386,0.975609362,0,-0.975609362,-0.219513386,0,0,0,0.999999881],"scale":1,"type":"tro_tree_1_huge"}
{"ctxid":1,"pos":[902.228333,-736.616577,958.494263],"rotationMatrix":[-0.0780254081,0.996951222,0,-0.996951222,-0.0780254081,0,0,0,0.999999881],"scale":1,"type":"tro_tree_1_huge"}
{"ctxid":1,"pos":[893.011475,-736.752869,958.527405],"rotationMatrix":[-0.746284962,-0.665626585,0,0.665626585,-0.746284962,0,0,0,0.999999881],"scale":1,"type":"tro_tree_1_huge"}
{"ctxid":1,"pos":[905.49884,-741.796143,958.916626],"rotationMatrix":[0.128150076,-0.991754711,0,0.991754711,0.128150076,0,0,0,0.999999881],"scale":1,"type":"tro_tree_1_huge"}
{"ctxid":1,"pos":[914.727783,-754.685913,960.014526],"rotationMatrix":[0.105955347,0.994370878,0,-0.994370878,0.105955347,0,0,0,0.999999881],"scale":1,"type":"tro_tree_1_huge"}
{"ctxid":1,"pos":[897.271362,-744.547363,959.08252],"rotationMatrix":[0.978034139,0.208444357,0,-0.208444357,0.978034139,0,0,0,0.999999881],"scale":1,"type":"tro_tree_1_huge"}
{"ctxid":1,"pos":[907.542664,-735.293091,958.364502],"rotationMatrix":[0.9869923,0.160767123,0,-0.160767123,0.9869923,0,0,0,0.999999881],"scale":1,"type":"tro_tree_1_huge"}
{"ctxid":1,"pos":[888.694458,-753.274414,959.50238],"rotationMatrix":[0.953712642,0.30071941,0,-0.30071941,0.953712642,0,0,0,0.999999881],"scale":1,"type":"tro_tree_1_huge"}
{"ctxid":1,"pos":[891.757324,-755.413818,959.736694],"rotationMatrix":[-0.897256792,0.441508979,0,-0.441508979,-0.897256792,0,0,0,0.999999881],"scale":1,"type":"tro_tree_1_huge"}
{"ctxid":1,"pos":[915.847839,-757.881592,960.303589],"rotationMatrix":[0.998140752,-0.0609492511,0,0.0609492511,0.998140752,0,0,0,0.999999881],"scale":1,"type":"tro_tree_1_huge"}
{"ctxid":1,"pos":[899.627319,-748.605591,959.411194],"rotationMatrix":[-0.665795326,-0.746134281,0,0.746134281,-0.665795326,0,0,0,0.999999881],"scale":1,"type":"tro_tree_1_huge"}
{"ctxid":1,"pos":[885.243774,-752.586121,959.358887],"rotationMatrix":[-0.436688304,-0.899612844,0,0.899612844,-0.436688304,0,0,0,0.999999881],"scale":1,"type":"tro_tree_1_huge"}
{"ctxid":1,"pos":[908.469421,-747.375061,959.414429],"rotationMatrix":[0.962242305,0.272194296,0,-0.272194296,0.962242305,0,0,0,0.999999881],"scale":1,"type":"tro_tree_1_huge"}
{"ctxid":1,"pos":[910.358948,-741.267273,958.870605],"rotationMatrix":[0.558237731,-0.82968092,0,0.82968092,0.558237731,0,0,0,0.999999881],"scale":1,"type":"tro_tree_1_huge"}
{"ctxid":1,"pos":[880.138428,-689.62085,956.362549],"rotationMatrix":[-0.853297591,0.521424174,0,-0.521424174,-0.853297591,0,0,0,0.999999881],"scale":1,"type":"tro_tree_1_huge"}
{"ctxid":1,"pos":[880.534363,-695.412842,956.469116],"rotationMatrix":[0.421730012,-0.906721413,0,0.906721413,0.421730012,0,0,0,0.999999881],"scale":1,"type":"tro_tree_1_huge"}
{"ctxid":1,"pos":[897.530029,-672.561218,956.12616],"rotationMatrix":[-0.121519685,-0.992588937,0,0.992588937,-0.121519685,0,0,0,0.999999881],"scale":1,"type":"tro_tree_1_huge"}
{"ctxid":1,"pos":[887.535583,-673.826416,956.285217],"rotationMatrix":[-0.156446606,-0.987686276,0,0.987686276,-0.156446606,0,0,0,0.999999881],"scale":1,"type":"tro_tree_1_huge"}
{"ctxid":1,"pos":[889.671265,-670.906189,956.296753],"rotationMatrix":[-0.881885231,0.471463829,0,-0.471463829,-0.881885231,0,0,0,0.999999881],"scale":1,"type":"tro_tree_1_huge"}
{"ctxid":1,"pos":[901.880188,-675.362854,955.997559],"rotationMatrix":[0.868730724,0.495284706,0,-0.495284706,0.868730724,0,0,0,0.999999881],"scale":1,"type":"tro_tree_1_huge"}
{"ctxid":1,"pos":[892.839111,-673.44519,956.278503],"rotationMatrix":[-0.942993939,0.332809746,0,-0.332809746,-0.942993939,0,0,0,0.999999881],"scale":1,"type":"tro_tree_1_huge"}
{"ctxid":1,"pos":[916.528992,-624.80542,957.679199],"rotationMatrix":[0.997176826,0.0750881508,0,-0.0750881508,0.997176826,0,0,0,0.999999881],"scale":1,"type":"tro_tree_1_huge"}
{"ctxid":1,"pos":[952.295044,-648.996704,957.723389],"rotationMatrix":[0.870633185,0.49193269,0,-0.49193269,0.870633185,0,0,0,0.999999881],"scale":1,"type":"tro_tree_1_huge"}
{"ctxid":1,"pos":[965.659302,-640.125488,958.284424],"rotationMatrix":[-0.226427764,0.974027872,0,-0.974027872,-0.226427764,0,0,0,0.999999881],"scale":1,"type":"tro_tree_1_huge"}
{"ctxid":1,"pos":[970.703613,-639.981323,958.336304],"rotationMatrix":[0.851784289,-0.523892462,0,0.523892462,0.851784289,0,0,0,0.999999881],"scale":1,"type":"tro_tree_1_huge"}
{"ctxid":1,"pos":[924.41925,-694.471741,955.815186],"rotationMatrix":[0.526276827,-0.850313246,0,0.850313246,0.526276827,0,0,0,0.999999881],"scale":1,"type":"tro_tree_1_huge"}
{"ctxid":1,"pos":[944.274292,-674.608154,956.375183],"rotationMatrix":[-0.313983947,-0.94942826,0,0.94942826,-0.313983947,0,0,0,0.999999881],"scale":1,"type":"tro_tree_1_huge"}
{"ctxid":1,"pos":[921.043701,-690.833557,955.710327],"rotationMatrix":[-0.764872313,0.644181609,0,-0.644181609,-0.764872313,0,0,0,0.999999881],"scale":1,"type":"tro_tree_1_huge"}
{"ctxid":1,"pos":[928.294312,-690.213745,955.885315],"rotationMatrix":[-0.961236954,0.275723428,0,-0.275723428,-0.961236954,0,0,0,0.999999881],"scale":1,"type":"tro_tree_1_huge"}
{"ctxid":1,"pos":[914.592346,-686.888672,955.673096],"rotationMatrix":[-0.999815464,-0.0192052536,0,0.0192052536,-0.999815464,0,0,0,0.999999881],"scale":1,"type":"tro_tree_1_huge"}
{"ctxid":1,"pos":[924.453674,-691.020813,955.782471],"rotationMatrix":[0.703339636,0.710853934,0,-0.710853934,0.703339636,0,0,0,0.999999881],"scale":1,"type":"tro_tree_1_huge"}
{"ctxid":1,"pos":[940.795471,-678.941711,956.254639],"rotationMatrix":[0.783540964,-0.621339858,0,0.621339858,0.783540964,0,0,0,0.999999881],"scale":1,"type":"tro_tree_1_huge"}
{"ctxid":1,"pos":[899.744324,-652.759521,956.162598],"rotationMatrix":[0.641157329,-0.767409265,0,0.767409265,0.641157329,0,0,0,0.999999881],"scale":1,"type":"tro_tree_1_huge"}
{"ctxid":1,"pos":[878.658691,-654.426025,956.258911],"rotationMatrix":[-0.833930194,-0.551869929,0,0.551869929,-0.833930194,0,0,0,0.999999881],"scale":1,"type":"tro_tree_1_huge"}
{"ctxid":1,"pos":[893.75885,-666.250366,956.203369],"rotationMatrix":[-0.644811273,0.764341593,0,-0.764341593,-0.644811273,0,0,0,0.999999881],"scale":1,"type":"tro_tree_1_huge"}
{"ctxid":1,"pos":[880.872681,-668.704407,956.262695],"rotationMatrix":[-0.506935179,0.861984015,0,-0.861984015,-0.506935179,0,0,0,0.999999881],"scale":1,"type":"tro_tree_1_huge"}
{"ctxid":1,"pos":[898.193237,-657.514282,956.121582],"rotationMatrix":[-0.777193904,0.629261076,0,-0.629261076,-0.777193904,0,0,0,0.999999881],"scale":1,"type":"tro_tree_1_huge"}
{"ctxid":1,"pos":[910.404785,-735.993103,958.426147],"rotationMatrix":[0.996991992,0.077502951,0,-0.077502951,0.996991992,0,0,0,0.999999881],"scale":1,"type":"tro_tree_1_huge"}
{"ctxid":1,"pos":[905.087646,-712.700073,956.50415],"rotationMatrix":[0.0315653384,-0.999501526,0,0.999501526,0.0315653384,0,0,0,0.999999881],"scale":1,"type":"tro_tree_1_huge"}
{"ctxid":1,"pos":[891.438599,-720.682495,957.479248],"rotationMatrix":[0.650921404,0.759145081,0,-0.759145081,0.650921404,0,0,0,0.999999881],"scale":1,"type":"tro_tree_1_huge"}
{"ctxid":1,"pos":[902.185303,-712.347656,956.580017],"rotationMatrix":[0.860808015,-0.50892961,0,0.50892961,0.860808015,0,0,0,0.999999881],"scale":1,"type":"tro_tree_1_huge"}
{"ctxid":1,"pos":[909.677429,-720.316772,957.031616],"rotationMatrix":[0.668052495,0.744114161,0,-0.744114161,0.668052495,0,0,0,0.999999881],"scale":1,"type":"tro_tree_1_huge"}
{"ctxid":1,"pos":[893.56189,-710.833191,956.810791],"rotationMatrix":[0.968637168,-0.248479128,0,0.248479128,0.968637168,0,0,0,0.999999881],"scale":1,"type":"tro_tree_1_huge"}
{"ctxid":1,"pos":[911.868835,-718.097839,956.834961],"rotationMatrix":[0.931334853,0.364163816,0,-0.364163816,0.931334853,0,0,0,0.999999881],"scale":1,"type":"tro_tree_1_huge"}
{"ctxid":1,"pos":[895.369324,-716.468018,957.094971],"rotationMatrix":[0.981437087,0.191784054,0,-0.191784054,0.981437087,0,0,0,0.999999881],"scale":1,"type":"tro_tree_1_huge"}
