{"ctxid":1,"pos":[-921.926697,-817.926453,932.295654],"rotationMatrix":[-0.164705783,-0.986342609,0,0.986342609,-0.164705783,0,0,0,0.999999881],"scale":1,"type":"tro_tree_2_bush_huge"}
{"ctxid":1,"pos":[-926.304443,-821.335938,932.274048],"rotationMatrix":[-0.526022673,0.850470364,0,-0.850470364,-0.526022673,0,0,0,0.999999881],"scale":1,"type":"tro_tree_2_bush_huge"}
{"ctxid":1,"pos":[-935.376831,-827.730408,932.279114],"rotationMatrix":[-0.57779634,0.816180766,0,-0.816180766,-0.57779634,0,0,0,0.999999881],"scale":1,"type":"tro_tree_2_bush_huge"}
{"ctxid":1,"pos":[-945.098328,-835.474792,932.171875],"rotationMatrix":[0.884826541,0.465920568,0,-0.465920568,0.884826541,0,0,0,0.999999881],"scale":1,"type":"tro_tree_2_bush_huge"}
{"ctxid":1,"pos":[-951.377869,-843.092529,931.835022],"rotationMatrix":[0.352061629,0.935976803,0,-0.935976803,0.352061629,0,0,0,0.999999881],"scale":1,"type":"tro_tree_2_bush_huge"}
{"ctxid":1,"pos":[-949.751831,-832.032288,933.097412],"rotationMatrix":[-0.890604019,-0.454779357,0,0.454779357,-0.890604019,0,0,0,0.999999881],"scale":1,"type":"tro_tree_2_bush_huge"}
{"ctxid":1,"pos":[-938.704163,-824.004761,933.048889],"rotationMatrix":[0.679590583,-0.733591378,0,0.733591378,0.679590583,0,0,0,0.999999881],"scale":1,"type":"tro_tree_2_bush_huge"}
{"ctxid":1,"pos":[-935.17218,-818.277588,933.480591],"rotationMatrix":[-0.859588206,-0.510987282,0,0.510987282,-0.859588206,0,0,0,0.999999881],"scale":1,"type":"tro_tree_2_bush_huge"}
{"ctxid":1,"pos":[-928.367981,-816.608276,933.045349],"rotationMatrix":[-0.528270781,0.849075794,0,-0.849075794,-0.528270781,0,0,0,0.999999881],"scale":1,"type":"tro_tree_2_bush_huge"}
{"ctxid":1,"pos":[-920.819336,-814.559753,932.605896],"rotationMatrix":[0.93066746,-0.365865976,0,0.365865976,0.93066746,0,0,0,0.999999881],"scale":1,"type":"tro_tree_2_bush_huge"}
{"ctxid":1,"pos":[-915.818176,-807.77832,932.984009],"rotationMatrix":[0.00364701706,0.999993265,0,-0.999993265,0.00364701706,0,0,0,0.999999881],"scale":1,"type":"tro_tree_2_bush_huge"}
{"ctxid":1,"pos":[-924.384155,-808.456909,933.709473],"rotationMatrix":[-0.409419626,-0.912346125,0,0.912346125,-0.409419626,0,0,0,0.999999881],"scale":1,"type":"tro_tree_2_bush_huge"}
{"ctxid":1,"pos":[-921.512207,-828.333618,931.013855],"rotationMatrix":[-0.905075908,0.425249815,0,-0.425249815,-0.905075908,0,0,0,0.999999881],"scale":1,"type":"tro_tree_2_bush_huge"}
{"ctxid":1,"pos":[-919.794922,-819.613098,931.896729],"rotationMatrix":[-0.301676095,0.953410327,0,-0.953410327,-0.301676095,0,0,0,0.999999881],"scale":1,"type":"tro_tree_2_bush_huge"}
{"ctxid":1,"pos":[-924.070862,-828.957275,931.156372],"rotationMatrix":[0.648629606,0.761104226,0,-0.761104226,0.648629606,0,0,0,0.999999881],"scale":1,"type":"tro_tree_2_bush_huge"}
{"ctxid":1,"pos":[-931.639343,-835.76532,930.951111],"rotationMatrix":[0.603722572,-0.797194362,0,0.797194362,0.603722572,0,0,0,0.999999881],"scale":1,"type":"tro_tree_2_bush_huge"}
{"ctxid":1,"pos":[-934.016541,-838.396301,930.815369],"rotationMatrix":[-0.567461431,0.823399782,0,-0.823399782,-0.567461431,0,0,0,0.999999881],"scale":1,"type":"tro_tree_2_bush_huge"}
{"ctxid":1,"pos":[-944.96582,-840.575867,931.533813],"rotationMatrix":[0.668484151,0.743726373,0,-0.743726373,0.668484151,0,0,0,0.999999881],"scale":1,"type":"tro_tree_2_bush_huge"}
{"ctxid":1,"pos":[-943.575439,-855.799194,929.686279],"rotationMatrix":[0.982452452,-0.186512858,0,0.186512858,0.982452452,0,0,0,0.999999881],"scale":1,"type":"tro_tree_2_bush_huge"}
{"ctxid":1,"pos":[-949.113647,-842.636047,931.677856],"rotationMatrix":[0.961929381,0.273298085,0,-0.273298085,0.961929381,0,0,0,0.999999881],"scale":1,"type":"tro_tree_2_bush_huge"}
{"ctxid":1,"pos":[-959.078369,-857.457458,931.107971],"rotationMatrix":[-0.839578509,-0.543238163,0,0.543238163,-0.839578509,0,0,0,0.999999881],"scale":1,"type":"tro_tree_2_bush_huge"}
{"ctxid":1,"pos":[-957.559692,-868.810913,930.368469],"rotationMatrix":[-0.927908123,0.372808725,0,-0.372808725,-0.927908123,0,0,0,0.999999881],"scale":1,"type":"tro_tree_2_bush_huge"}
{"ctxid":1,"pos":[-967.860901,-853.583313,932.078674],"rotationMatrix":[-0.904040515,-0.427446842,0,0.427446842,-0.904040515,0,0,0,0.999999881],"scale":1,"type":"tro_tree_2_bush_huge"}
{"ctxid":1,"pos":[-966.811523,-856.751526,931.735962],"rotationMatrix":[0.744627059,0.667480767,0,-0.667480767,0.744627059,0,0,0,0.999999881],"scale":1,"type":"tro_tree_2_bush_huge"}
{"ctxid":1,"pos":[-954.787476,-849.334412,931.466675],"rotationMatrix":[0.997523665,-0.0703294724,0,0.0703294724,0.997523665,0,0,0,0.999999881],"scale":1,"type":"tro_tree_2_bush_huge"}
{"ctxid":1,"pos":[-965.14093,-853.353027,931.914917],"rotationMatrix":[0.329948962,0.943998754,0,-0.943998754,0.329948962,0,0,0,0.999999881],"scale":1,"type":"tro_tree_2_bush_huge"}
{"ctxid":1,"pos":[-940.262451,-836.719299,931.579956],"rotationMatrix":[-0.911119044,0.41214332,0,-0.41214332,-0.911119044,0,0,0,0.999999881],"scale":1,"type":"tro_tree_2_bush_huge"}
{"ctxid":1,"pos":[-953.763123,-837.135864,932.765015],"rotationMatrix":[-0.939242482,0.343254089,0,-0.343254089,-0.939242482,0,0,0,0.999999881],"scale":1,"type":"tro_tree_2_bush_huge"}
{"ctxid":1,"pos":[-931.139465,-829.430908,931.7005],"rotationMatrix":[0.975208819,-0.221286088,0,0.221286088,0.975208819,0,0,0,0.999999881],"scale":1,"type":"tro_tree_2_bush_huge"}
{"ctxid":1,"pos":[-940.480652,-830.125244,932.424316],"rotationMatrix":[-0.946637571,0.3222996,0,-0.3222996,-0.946637571,0,0,0,0.999999881],"scale":1,"type":"tro_tree_2_bush_huge"}
{"ctxid":1,"pos":[-918.127075,-813.580994,932.477112],"rotationMatrix":[0.164720416,-0.986340225,0,0.986340225,0.164720416,0,0,0,0.999999881],"scale":0.970373988,"type":"tro_tree_2_bush_huge"}
{"ctxid":1,"pos":[-927.763428,-827.504883,931.647705],"rotationMatrix":[-0.394951642,-0.918701828,0,0.918701828,-0.394951642,0,0,0,0.999999881],"scale":1.77975881,"type":"tro_tree_2_bush_huge"}
{"ctxid":1,"pos":[-939.325745,-823.802307,933.469971],"rotationMatrix":[-0.99904269,-0.0437431484,0,0.0437431484,-0.99904269,0,0,0,0.999999881],"scale":1.6975193,"type":"tro_tree_2_bush_huge"}
{"ctxid":1,"pos":[-947.59314,-836.763794,932.241028],"rotationMatrix":[-0.978569806,-0.205915138,0,0.205915138,-0.978569806,0,0,0,0.999999881],"scale":1.57876849,"type":"tro_tree_2_bush_huge"}
{"ctxid":1,"pos":[-958.707275,-849.076477,931.832886],"rotationMatrix":[0.493390739,-0.869807661,0,0.869807661,0.493390739,0,0,0,0.999999881],"scale":1.78956282,"type":"tro_tree_2_bush_huge"}
{"ctxid":1,"pos":[-965.360046,-849.49469,932.315674],"rotationMatrix":[-0.526964009,-0.84988755,0,0.84988755,-0.526964009,0,0,0,0.999999881],"scale":1.48381984,"type":"tro_tree_2_bush_huge"}
{"ctxid":1,"pos":[-941.970581,-839.178345,931.42688],"rotationMatrix":[-0.96719718,-0.254026741,0,0.254026741,-0.96719718,0,0,0,0.999999881],"scale":0.909849286,"type":"tro_tree_2_bush_huge"}
{"ctxid":1,"pos":[-924.508972,-819.328918,932.358398],"rotationMatrix":[-0.424585909,0.905387521,0,-0.905387521,-0.424585909,0,0,0,0.999999881],"scale":0.87381351,"type":"tro_tree_2_bush_huge"}
{"ctxid":1,"pos":[-927.981262,-819.148315,932.694092],"rotationMatrix":[-0.248829544,-0.968547225,0,0.968547225,-0.248829544,0,0,0,0.999999881],"scale":1.34349668,"type":"tro_tree_2_bush_huge"}
{"ctxid":1,"pos":[-933.509521,-820.587646,933.022705],"rotationMatrix":[0.646283507,0.763097405,0,-0.763097405,0.646283507,0,0,0,0.999999881],"scale":1.24421597,"type":"tro_tree_2_bush_huge"}
{"ctxid":1,"pos":[-929.605652,-815.488403,933.592346],"rotationMatrix":[0.742498755,-0.669847369,0,0.669847369,0.742498755,0,0,0,0.999999881],"scale":1.47058499,"type":"tro_tree_2_bush_huge"}
{"ctxid":1,"pos":[-915.13147,-814.876587,932.038208],"rotationMatrix":[-0.966646433,-0.256114453,0,0.256114453,-0.966646433,0,0,0,0.999999881],"scale":0.813297153,"type":"tro_tree_2_bush_huge"}
{"ctxid":1,"pos":[-922.957703,-815.831421,932.646362],"rotationMatrix":[-0.00752426824,-0.999971628,0,0.999971628,-0.00752426824,0,0,0,0.999999881],"scale":1.32888734,"type":"tro_tree_2_bush_huge"}
{"ctxid":1,"pos":[-905.976562,-805.348083,932.370361],"rotationMatrix":[0.697333157,0.716747165,0,-0.716747165,0.697333157,0,0,0,0.999999881],"scale":0.72254771,"type":"tro_tree_2_bush_huge"}
{"ctxid":1,"pos":[-905.349609,-810.60437,931.621277],"rotationMatrix":[-0.473424345,0.880834341,0,-0.880834341,-0.473424345,0,0,0,0.999999881],"scale":1.26273417,"type":"tro_tree_2_bush_huge"}
{"ctxid":1,"pos":[-901.499329,-803.949768,932.116577],"rotationMatrix":[-0.00273236074,-0.999996126,0,0.999996126,-0.00273236074,0,0,0,0.999999881],"scale":1.54392636,"type":"tro_tree_2_bush_huge"}
{"ctxid":1,"pos":[-898.805664,-802.203125,932.08551],"rotationMatrix":[-0.994826019,-0.101592585,0,0.101592585,-0.994826019,0,0,0,0.999999881],"scale":1.56328571,"type":"tro_tree_2_bush_huge"}
{"ctxid":1,"pos":[-889.760132,-793.003662,932.489502],"rotationMatrix":[-0.879549563,0.47580725,0,-0.47580725,-0.879549563,0,0,0,0.999999881],"scale":1.73975372,"type":"tro_tree_2_bush_huge"}
{"ctxid":1,"pos":[-886.730225,-794.388855,931.958984],"rotationMatrix":[0.943700135,0.330801934,0,-0.330801934,0.943700135,0,0,0,0.999999881],"scale":1.36817586,"type":"tro_tree_2_bush_huge"}
{"ctxid":1,"pos":[-901.843994,-798.442139,932.920654],"rotationMatrix":[-0.997129381,0.0757155716,0,-0.0757155716,-0.997129381,0,0,0,0.999999881],"scale":0.763920844,"type":"tro_tree_2_bush_huge"}
{"ctxid":1,"pos":[-895.337585,-801.541931,931.82074],"rotationMatrix":[-0.999962986,-0.00859431829,0,0.00859431829,-0.999962986,0,0,0,0.999999881],"scale":1.79369402,"type":"tro_tree_2_bush_huge"}
{"ctxid":1,"pos":[-905.298035,-798.981323,933.332764],"rotationMatrix":[0.696794689,0.717270672,0,-0.717270672,0.696794689,0,0,0,0.999999881],"scale":1.79305756,"type":"tro_tree_2_bush_huge"}
{"ctxid":1,"pos":[-910.213928,-804.572266,932.87561],"rotationMatrix":[0.576385558,-0.817177713,0,0.817177713,0.576385558,0,0,0,0.999999881],"scale":0.771537066,"type":"tro_tree_2_bush_huge"}
{"ctxid":1,"pos":[-911.043274,-808.036865,932.504517],"rotationMatrix":[-0.999139667,0.041469682,0,-0.041469682,-0.999139667,0,0,0,0.999999881],"scale":1.74775028,"type":"tro_tree_2_bush_huge"}
{"ctxid":1,"pos":[-913.712036,-808.873413,932.648743],"rotationMatrix":[-0.922966778,-0.384879351,0,0.384879351,-0.922966778,0,0,0,0.999999881],"scale":1.04730785,"type":"tro_tree_2_bush_huge"}
{"ctxid":1,"pos":[-893.912476,-797.603882,932.238281],"rotationMatrix":[-0.37934646,0.925254524,0,-0.925254524,-0.37934646,0,0,0,0.999999881],"scale":1.76615012,"type":"tro_tree_2_bush_huge"}
{"ctxid":1,"pos":[-890.360718,-796.571472,932.018555],"rotationMatrix":[0.697650254,-0.716438353,0,0.716438353,0.697650254,0,0,0,0.999999881],"scale":1.54572177,"type":"tro_tree_2_bush_huge"}
{"ctxid":1,"pos":[-847.152161,-791.50592,928.401489],"rotationMatrix":[0.627877653,-0.778311908,0,0.778311908,0.627877653,0,0,0,0.999999881],"scale":1.43284464,"type":"tro_tree_2_bush_huge"}
{"ctxid":1,"pos":[-861.788208,-795.360474,928.94873],"rotationMatrix":[-0.157739252,0.9874807,0,-0.9874807,-0.157739252,0,0,0,0.999999881],"scale":1.53061426,"type":"tro_tree_2_bush_huge"}
{"ctxid":1,"pos":[-845.313354,-798.226074,927.911255],"rotationMatrix":[-0.975774586,-0.218778148,0,0.218778148,-0.975774586,0,0,0,0.999999881],"scale":1.87119925,"type":"tro_tree_2_bush_huge"}
{"ctxid":1,"pos":[-870.695923,-795.712097,929.944092],"rotationMatrix":[0.863600731,0.504176259,0,-0.504176259,0.863600731,0,0,0,0.999999881],"scale":1.1650964,"type":"tro_tree_2_bush_huge"}
{"ctxid":1,"pos":[-882.489563,-803.30426,930.169617],"rotationMatrix":[0.999857545,0.0168733355,0,-0.0168733355,0.999857545,0,0,0,0.999999881],"scale":1.50445485,"type":"tro_tree_2_bush_huge"}
{"ctxid":1,"pos":[-866.925903,-793.074707,929.938965],"rotationMatrix":[-0.47003302,0.882648706,0,-0.882648706,-0.47003302,0,0,0,0.999999881],"scale":1.06901956,"type":"tro_tree_2_bush_huge"}
{"ctxid":1,"pos":[-897.22522,-814.656555,930.248779],"rotationMatrix":[-0.920930326,-0.389727056,0,0.389727056,-0.920930326,0,0,0,0.999999881],"scale":1.18895316,"type":"tro_tree_2_bush_huge"}
{"ctxid":1,"pos":[-899.556519,-828.262329,929.071655],"rotationMatrix":[-0.991481602,0.130246133,0,-0.130246133,-0.991481602,0,0,0,0.999999881],"scale":1.93139851,"type":"tro_tree_2_bush_huge"}
{"ctxid":1,"pos":[-921.061646,-840.450623,929.698853],"rotationMatrix":[0.056042552,0.998428285,0,-0.998428285,0.056042552,0,0,0,0.999999881],"scale":1.46279323,"type":"tro_tree_2_bush_huge"}
{"ctxid":1,"pos":[-913.692017,-851.429321,928.497803],"rotationMatrix":[0.955362022,-0.295437455,0,0.295437455,0.955362022,0,0,0,0.999999881],"scale":0.823724031,"type":"tro_tree_2_bush_huge"}
{"ctxid":1,"pos":[-921.594299,-832.817017,930.499634],"rotationMatrix":[0.870994449,-0.491292566,0,0.491292566,0.870994449,0,0,0,0.999999881],"scale":1.27153707,"type":"tro_tree_2_bush_huge"}
{"ctxid":1,"pos":[-916.035461,-845.549988,929.006165],"rotationMatrix":[0.900980175,-0.433859974,0,0.433859974,0.900980175,0,0,0,0.999999881],"scale":0.857260466,"type":"tro_tree_2_bush_huge"}
{"ctxid":1,"pos":[-934.880371,-872.914795,928.596924],"rotationMatrix":[0.483245015,0.875485182,0,-0.875485182,0.483245015,0,0,0,0.999999881],"scale":0.89668107,"type":"tro_tree_2_bush_huge"}
{"ctxid":1,"pos":[-943.579712,-875.439331,929.078918],"rotationMatrix":[0.546693861,0.837332547,0,-0.837332547,0.546693861,0,0,0,0.999999881],"scale":1.5060389,"type":"tro_tree_2_bush_huge"}
{"ctxid":1,"pos":[-937.783264,-862.039978,928.884094],"rotationMatrix":[0.997823,0.0659480914,0,-0.0659480914,0.997823,0,0,0,0.999999881],"scale":0.71226722,"type":"tro_tree_2_bush_huge"}
{"ctxid":1,"pos":[-940.670715,-880.131836,928.792114],"rotationMatrix":[0.9571926,0.28945151,0,-0.28945151,0.9571926,0,0,0,0.999999881],"scale":1.50630832,"type":"tro_tree_2_bush_huge"}
{"ctxid":1,"pos":[-965.298584,-881.280701,930.752319],"rotationMatrix":[0.634374619,0.773025751,0,-0.773025751,0.634374619,0,0,0,0.999999881],"scale":1.16178989,"type":"tro_tree_2_bush_huge"}
{"ctxid":1,"pos":[-957.417847,-877.943115,930.218628],"rotationMatrix":[0.464007229,0.885831416,0,-0.885831416,0.464007229,0,0,0,0.999999881],"scale":1.09649336,"type":"tro_tree_2_bush_huge"}
{"ctxid":1,"pos":[-961.835022,-877.466431,930.522949],"rotationMatrix":[-0.812795699,-0.582548857,0,0.582548857,-0.812795699,0,0,0,0.999999881],"scale":1.74780381,"type":"tro_tree_2_bush_huge"}
{"ctxid":1,"pos":[-926.336182,-849.909668,929.151245],"rotationMatrix":[-0.792931497,-0.609310746,0,0.609310746,-0.792931497,0,0,0,0.999999881],"scale":1.42124104,"type":"tro_tree_2_bush_huge"}
{"ctxid":1,"pos":[-928.918091,-851.65979,929.117981],"rotationMatrix":[0.997703612,0.0677298531,0,-0.0677298531,0.997703612,0,0,0,0.999999881],"scale":1.79555154,"type":"tro_tree_2_bush_huge"}
{"ctxid":1,"pos":[-925.526978,-867.540222,928.332642],"rotationMatrix":[0.126252577,0.991998076,0,-0.991998076,0.126252577,0,0,0,0.999999881],"scale":1.93659437,"type":"tro_tree_2_bush_huge"}
{"ctxid":1,"pos":[-898.019287,-890.079712,927.359863],"rotationMatrix":[-0.534602284,0.845103562,0,-0.845103562,-0.534602284,0,0,0,0.999999881],"scale":1.50238252,"type":"tro_tree_2_bush_huge"}
{"ctxid":1,"pos":[-839.305481,-808.284912,927.576416],"rotationMatrix":[-0.443320215,-0.896363318,0,0.896363318,-0.443320215,0,0,0,0.999999881],"scale":0.785941124,"type":"tro_tree_2_bush_huge"}
{"ctxid":1,"pos":[-846.987793,-804.481445,927.636597],"rotationMatrix":[-0.30088675,0.953659773,0,-0.953659773,-0.30088675,0,0,0,0.999999881],"scale":0.886926293,"type":"tro_tree_2_bush_huge"}
{"ctxid":1,"pos":[-839.834045,-795.57666,928.175415],"rotationMatrix":[0.466936558,0.884290874,0,-0.884290874,0.466936558,0,0,0,0.999999881],"scale":0.889951229,"type":"tro_tree_2_bush_huge"}
{"ctxid":1,"pos":[-837.661926,-801.327209,927.882263],"rotationMatrix":[-0.140672401,-0.990056098,0,0.990056098,-0.140672401,0,0,0,0.999999881],"scale":0.745511115,"type":"tro_tree_2_bush_huge"}
{"ctxid":1,"pos":[-837.355103,-796.079468,928.202881],"rotationMatrix":[0.472606242,-0.881273568,0,0.881273568,0.472606242,0,0,0,0.999999881],"scale":1.11240208,"type":"tro_tree_2_bush_huge"}
{"ctxid":1,"pos":[-830.288086,-804.80426,927.849609],"rotationMatrix":[-0.497933537,-0.867215157,0,0.867215157,-0.497933537,0,0,0,0.999999881],"scale":1.50342774,"type":"tro_tree_2_bush_huge"}
{"ctxid":1,"pos":[-814.595337,-783.50293,929.540405],"rotationMatrix":[-0.969287932,-0.245928362,0,0.245928362,-0.969287932,0,0,0,0.999999881],"scale":1.85787654,"type":"tro_tree_2_bush_huge"}
{"ctxid":1,"pos":[-827.61438,-778.560486,930.185364],"rotationMatrix":[0.0591730028,-0.998247683,0,0.998247683,0.0591730028,0,0,0,0.999999881],"scale":1.62635112,"type":"tro_tree_2_bush_huge"}
{"ctxid":1,"pos":[-794.331787,-790.710938,928.591431],"rotationMatrix":[-0.656520605,-0.754307926,0,0.754307926,-0.656520605,0,0,0,0.999999881],"scale":1.11578012,"type":"tro_tree_2_bush_huge"}
{"ctxid":1,"pos":[-785.86438,-783.117554,928.743164],"rotationMatrix":[0.808595657,-0.588364542,0,0.588364542,0.808595657,0,0,0,0.999999881],"scale":0.965757191,"type":"tro_tree_2_bush_huge"}
{"ctxid":1,"pos":[-809.19104,-770.453491,930.715942],"rotationMatrix":[-0.0753943697,0.997153699,0,-0.997153699,-0.0753943697,0,0,0,0.999999881],"scale":1.48100376,"type":"tro_tree_2_bush_huge"}
{"ctxid":1,"pos":[-796.66394,-787.00592,928.979614],"rotationMatrix":[0.996583045,-0.0825955272,0,0.0825955272,0.996583045,0,0,0,0.999999881],"scale":0.908969522,"type":"tro_tree_2_bush_huge"}
{"ctxid":1,"pos":[-835.111938,-788.591309,928.901367],"rotationMatrix":[-0.497045875,0.867724121,0,-0.867724121,-0.497045875,0,0,0,0.999999881],"scale":1.21112978,"type":"tro_tree_2_bush_huge"}
{"ctxid":1,"pos":[-832.498962,-792.29248,928.619385],"rotationMatrix":[0.762594759,0.646876514,0,-0.646876514,0.762594759,0,0,0,0.999999881],"scale":1.03227496,"type":"tro_tree_2_bush_huge"}
{"ctxid":1,"pos":[-828.955811,-786.454773,929.247803],"rotationMatrix":[0.301501393,0.95346576,0,-0.95346576,0.301501393,0,0,0,0.999999881],"scale":1.18373632,"type":"tro_tree_2_bush_huge"}
{"ctxid":1,"pos":[-833.888,-778.379211,930.315796],"rotationMatrix":[-0.00264772261,-0.999996364,0,0.999996364,-0.00264772261,0,0,0,0.999999881],"scale":1.92899585,"type":"tro_tree_2_bush_huge"}
{"ctxid":1,"pos":[-821.99939,-781.258545,929.814575],"rotationMatrix":[-0.916835666,-0.399264514,0,0.399264514,-0.916835666,0,0,0,0.999999881],"scale":1.29963684,"type":"tro_tree_2_bush_huge"}
{"ctxid":1,"pos":[-823.906311,-790.681274,928.866943],"rotationMatrix":[-0.512208521,-0.858861029,0,0.858861029,-0.512208521,0,0,0,0.999999881],"scale":1.94895375,"type":"tro_tree_2_bush_huge"}
{"ctxid":1,"pos":[-852.77832,-791.183777,928.850464],"rotationMatrix":[0.494794875,-0.869009674,0,0.869009674,0.494794875,0,0,0,0.999999881],"scale":1.66513026,"type":"tro_tree_2_bush_huge"}
{"ctxid":1,"pos":[-796.003723,-777.488892,929.715454],"rotationMatrix":[0.888607502,0.458668321,0,-0.458668321,0.888607502,0,0,0,0.999999881],"scale":1.8380475,"type":"tro_tree_2_bush_huge"}
{"ctxid":1,"pos":[-767.392273,-770.512573,928.546997],"rotationMatrix":[0.392968327,0.919552028,0,-0.919552028,0.392968327,0,0,0,0.999999881],"scale":1.88238716,"type":"tro_tree_2_bush_huge"}
{"ctxid":1,"pos":[-717.35022,-751.360657,926.700073],"rotationMatrix":[0.564724743,0.825279295,0,-0.825279295,0.564724743,0,0,0,0.999999881],"scale":1.90750873,"type":"tro_tree_2_bush_huge"}
{"ctxid":1,"pos":[-900.069519,-796.332642,932.985718],"rotationMatrix":[-0.335843831,0.941917598,0,-0.941917598,-0.335843831,0,0,0,0.999999881],"scale":1.96986175,"type":"tro_tree_2_bush_huge"}
{"ctxid":1,"pos":[-1010.30908,-902.176147,930.522827],"rotationMatrix":[0.972431421,0.233188853,0,-0.233188853,0.972431421,0,0,0,0.999999881],"scale":0.712497473,"type":"tro_tree_2_bush_huge"}
{"ctxid":1,"pos":[-1003.7937,-902.376587,930.212769],"rotationMatrix":[-0.578555763,-0.815642655,0,0.815642655,-0.578555763,0,0,0,0.999999881],"scale":1.42686355,"type":"tro_tree_2_bush_huge"}
{"ctxid":1,"pos":[-1003.94543,-892.353882,930.764587],"rotationMatrix":[-0.940203965,0.340611875,0,-0.340611875,-0.940203965,0,0,0,0.999999881],"scale":1.07749259,"type":"tro_tree_2_bush_huge"}
{"ctxid":1,"pos":[-995.689575,-901.352539,930.200195],"rotationMatrix":[-0.690838277,-0.723009288,0,0.723009288,-0.690838277,0,0,0,0.999999881],"scale":0.739977181,"type":"tro_tree_2_bush_huge"}
{"ctxid":1,"pos":[-998.533264,-902.466003,930.127197],"rotationMatrix":[0.865206838,-0.501414776,0,0.501414776,0.865206838,0,0,0,0.999999881],"scale":1.85460138,"type":"tro_tree_2_bush_huge"}
{"ctxid":1,"pos":[-981.24762,-903.954041,930.325562],"rotationMatrix":[0.497466922,0.86748296,0,-0.86748296,0.497466922,0,0,0,0.999999881],"scale":1.84654522,"type":"tro_tree_2_bush_huge"}
{"ctxid":1,"pos":[-968.84845,-925.131348,928.812988],"rotationMatrix":[-0.411610395,-0.911359906,0,0.911359906,-0.411610395,0,0,0,0.999999881],"scale":1.44542718,"type":"tro_tree_2_bush_huge"}
{"ctxid":1,"pos":[-960.882935,-934.659363,928.41687],"rotationMatrix":[-0.0967401713,0.995309532,0,-0.995309532,-0.0967401713,0,0,0,0.999999881],"scale":1.22859085,"type":"tro_tree_2_bush_huge"}
{"ctxid":1,"pos":[-976.330017,-911.494812,929.960449],"rotationMatrix":[0.543142259,0.839640677,0,-0.839640677,0.543142259,0,0,0,0.999999881],"scale":1.44164109,"type":"tro_tree_2_bush_huge"}
{"ctxid":1,"pos":[-987.462158,-909.881348,929.621338],"rotationMatrix":[0.702572525,-0.711612105,0,0.711612105,0.702572525,0,0,0,0.999999881],"scale":1.12955999,"type":"tro_tree_2_bush_huge"}
{"ctxid":1,"pos":[-1010.37842,-897.694153,930.684082],"rotationMatrix":[-0.942758203,-0.333476782,0,0.333476782,-0.942758203,0,0,0,0.999999881],"scale":1.16039407,"type":"tro_tree_2_bush_huge"}
{"ctxid":1,"pos":[-1014.27057,-902.957092,930.682373],"rotationMatrix":[-0.0103856279,0.999945998,0,-0.999945998,-0.0103856279,0,0,0,0.999999881],"scale":0.939738452,"type":"tro_tree_2_bush_huge"}
{"ctxid":1,"pos":[-1021.95026,-902.708984,931.032959],"rotationMatrix":[-0.545934737,-0.837827563,0,0.837827563,-0.545934737,0,0,0,0.999999881],"scale":1.98594677,"type":"tro_tree_2_bush_huge"}
{"ctxid":1,"pos":[-1013.60901,-893.397949,931.011719],"rotationMatrix":[0.0885775164,-0.996069193,0,0.996069193,0.0885775164,0,0,0,0.999999881],"scale":1.38475466,"type":"tro_tree_2_bush_huge"}
{"ctxid":1,"pos":[-993.835754,-885.781555,930.993774],"rotationMatrix":[0.999663234,-0.0259487927,0,0.0259487927,0.999663234,0,0,0,0.999999881],"scale":0.749077737,"type":"tro_tree_2_bush_huge"}
{"ctxid":1,"pos":[-994.898926,-883.043762,931.111572],"rotationMatrix":[0.288389087,-0.957513213,0,0.957513213,0.288389087,0,0,0,0.999999881],"scale":1.21721721,"type":"tro_tree_2_bush_huge"}
{"ctxid":1,"pos":[-999.460327,-888.507751,930.924561],"rotationMatrix":[0.17500338,0.984567821,0,-0.984567821,0.17500338,0,0,0,0.999999881],"scale":1.2033323,"type":"tro_tree_2_bush_huge"}
{"ctxid":1,"pos":[-1014.33588,-888.347046,931.282043],"rotationMatrix":[0.575231433,-0.817990601,0,0.817990601,0.575231433,0,0,0,0.999999881],"scale":1.09717286,"type":"tro_tree_2_bush_huge"}
{"ctxid":1,"pos":[-1013.2312,-899.124634,930.759644],"rotationMatrix":[0.990241587,-0.139360532,0,0.139360532,0.990241587,0,0,0,0.999999881],"scale":0.905380666,"type":"tro_tree_2_bush_huge"}
{"ctxid":1,"pos":[-1009.91791,-892.983887,930.867676],"rotationMatrix":[0.858442724,-0.512909114,0,0.512909114,0.858442724,0,0,0,0.999999881],"scale":1.6039933,"type":"tro_tree_2_bush_huge"}
{"ctxid":1,"pos":[-1005.04218,-897.287292,930.482971],"rotationMatrix":[-0.313377678,0.949628413,0,-0.949628413,-0.313377678,0,0,0,0.999999881],"scale":1.28311372,"type":"tro_tree_2_bush_huge"}
{"ctxid":1,"pos":[-1004.32104,-894.2276,930.6604],"rotationMatrix":[0.713277102,0.700882137,0,-0.700882137,0.713277102,0,0,0,0.999999881],"scale":0.703175187,"type":"tro_tree_2_bush_huge"}
{"ctxid":1,"pos":[-1008.2074,-899.673523,930.511475],"rotationMatrix":[0.398762792,-0.917054057,0,0.917054057,0.398762792,0,0,0,0.999999881],"scale":1.71999264,"type":"tro_tree_2_bush_huge"}
{"ctxid":1,"pos":[-1017.25098,-899.471741,930.934998],"rotationMatrix":[-0.157886624,0.987457156,0,-0.987457156,-0.157886624,0,0,0,0.999999881],"scale":1.6583519,"type":"tro_tree_2_bush_huge"}
{"ctxid":1,"pos":[-999.685852,-885.872375,931.056885],"rotationMatrix":[-0.223207444,-0.974770904,0,0.974770904,-0.223207444,0,0,0,0.999999881],"scale":1.34679198,"type":"tro_tree_2_bush_huge"}
{"ctxid":1,"pos":[-996.91687,-887.399963,930.952637],"rotationMatrix":[0.149694368,-0.988732159,0,0.988732159,0.149694368,0,0,0,0.999999881],"scale":1.73450625,"type":"tro_tree_2_bush_huge"}
{"ctxid":1,"pos":[-986.261963,-894.895508,930.669373],"rotationMatrix":[-0.944522738,-0.328445971,0,0.328445971,-0.944522738,0,0,0,0.999999881],"scale":1.08660066,"type":"tro_tree_2_bush_huge"}
{"ctxid":1,"pos":[-984.528198,-901.152344,930.387695],"rotationMatrix":[-0.150055915,-0.988677382,0,0.988677382,-0.150055915,0,0,0,0.999999881],"scale":0.979660034,"type":"tro_tree_2_bush_huge"}
{"ctxid":1,"pos":[-995.310364,-897.644836,930.428833],"rotationMatrix":[-0.930818796,0.3654809,0,-0.3654809,-0.930818796,0,0,0,0.999999881],"scale":1.00967348,"type":"tro_tree_2_bush_huge"}
{"ctxid":1,"pos":[-990.44342,-894.587036,930.625122],"rotationMatrix":[0.192955166,0.98120755,0,-0.98120755,0.192955166,0,0,0,0.999999881],"scale":1.1702913,"type":"tro_tree_2_bush_huge"}
{"ctxid":1,"pos":[-1002.56641,-909.661377,929.880615],"rotationMatrix":[-0.933855951,-0.357649088,0,0.357649088,-0.933855951,0,0,0,0.999999881],"scale":0.891726494,"type":"tro_tree_2_bush_huge"}
{"ctxid":1,"pos":[-992.308289,-907.862976,929.737183],"rotationMatrix":[0.54379791,-0.839216053,0,0.839216053,0.54379791,0,0,0,0.999999881],"scale":1.53821409,"type":"tro_tree_2_bush_huge"}
{"ctxid":1,"pos":[-992.896851,-893.264221,930.671753],"rotationMatrix":[0.86113739,-0.508372128,0,0.508372128,0.86113739,0,0,0,0.999999881],"scale":1.12539339,"type":"tro_tree_2_bush_huge"}
{"ctxid":1,"pos":[-994.102356,-900.581116,930.256836],"rotationMatrix":[-0.649960279,0.759967983,0,-0.759967983,-0.649960279,0,0,0,0.999999881],"scale":0.728942811,"type":"tro_tree_2_bush_huge"}
{"ctxid":1,"pos":[-974.342346,-914.790222,929.746765],"rotationMatrix":[-0.0274264403,0.999623716,0,-0.999623716,-0.0274264403,0,0,0,0.999999881],"scale":0.79598999,"type":"tro_tree_2_bush_huge"}
{"ctxid":1,"pos":[-992.547119,-914.394531,929.08551],"rotationMatrix":[0.374651581,0.927165687,0,-0.927165687,0.374651581,0,0,0,0.999999881],"scale":1.54349697,"type":"tro_tree_2_bush_huge"}
{"ctxid":1,"pos":[-984.957458,-910.493225,929.629761],"rotationMatrix":[0.044084236,-0.999027729,0,0.999027729,0.044084236,0,0,0,0.999999881],"scale":0.882908583,"type":"tro_tree_2_bush_huge"}
{"ctxid":1,"pos":[-975.158203,-924.384399,928.280579],"rotationMatrix":[0.144571841,0.989494264,0,-0.989494264,0.144571841,0,0,0,0.999999881],"scale":1.53413486,"type":"tro_tree_2_bush_huge"}
{"ctxid":1,"pos":[-989.556213,-903.711365,930.097656],"rotationMatrix":[-0.779232562,0.626734555,0,-0.626734555,-0.779232562,0,0,0,0.999999881],"scale":1.23723733,"type":"tro_tree_2_bush_huge"}
{"ctxid":1,"pos":[-975.71875,-907.590454,930.360718],"rotationMatrix":[-0.934114933,0.356972069,0,-0.356972069,-0.934114933,0,0,0,0.999999881],"scale":0.865940452,"type":"tro_tree_2_bush_huge"}
{"ctxid":1,"pos":[-990.118225,-911.131592,929.451355],"rotationMatrix":[-0.879779279,0.475382149,0,-0.475382149,-0.879779279,0,0,0,0.999999881],"scale":1.80585611,"type":"tro_tree_2_bush_huge"}
{"ctxid":1,"pos":[-976.907288,-937.605164,924.863525],"rotationMatrix":[-0.866020143,0.500009,0,-0.500009,-0.866020143,0,0,0,0.999999881],"scale":1.86487126,"type":"tro_tree_2_bush_huge"}
{"ctxid":1,"pos":[-987.263428,-923.483154,927.988403],"rotationMatrix":[-0.429983526,-0.902836621,0,0.902836621,-0.429983526,0,0,0,0.999999881],"scale":1.6401341,"type":"tro_tree_2_bush_huge"}
{"ctxid":1,"pos":[-969.491272,-915.031067,930.169189],"rotationMatrix":[0.277024955,-0.960862696,0,0.960862696,0.277024955,0,0,0,0.999999881],"scale":1.11849439,"type":"tro_tree_2_bush_huge"}
{"ctxid":1,"pos":[-975.86908,-934.973328,925.702332],"rotationMatrix":[0.231242627,0.972896099,0,-0.972896099,0.231242627,0,0,0,0.999999881],"scale":1.33155131,"type":"tro_tree_2_bush_huge"}
{"ctxid":1,"pos":[-979.976013,-929.737061,926.902954],"rotationMatrix":[0.911342442,0.411649048,0,-0.411649048,0.911342442,0,0,0,0.999999881],"scale":1.52839386,"type":"tro_tree_2_bush_huge"}
{"ctxid":1,"pos":[-957.810547,-961.618103,924.155823],"rotationMatrix":[-0.992685556,0.120727807,0,-0.120727807,-0.992685556,0,0,0,0.999999881],"scale":1.37324548,"type":"tro_tree_2_bush_huge"}
{"ctxid":1,"pos":[-976.121765,-956.302185,924.967163],"rotationMatrix":[-0.991861522,-0.127321035,0,0.127321035,-0.991861522,0,0,0,0.999999881],"scale":1.04238129,"type":"tro_tree_2_bush_huge"}
{"ctxid":1,"pos":[-967.247131,-961.880554,924.270264],"rotationMatrix":[-0.999954939,-0.00948239118,0,0.00948239118,-0.999954939,0,0,0,0.999999881],"scale":1.25788331,"type":"tro_tree_2_bush_huge"}
{"ctxid":1,"pos":[-966.841675,-959.65564,924.3797],"rotationMatrix":[0.947793663,0.318884075,0,-0.318884075,0.947793663,0,0,0,0.999999881],"scale":1.13681746,"type":"tro_tree_2_bush_huge"}
{"ctxid":1,"pos":[-961.470215,-953.170532,925.04187],"rotationMatrix":[0.96244663,-0.271470547,0,0.271470547,0.96244663,0,0,0,0.999999881],"scale":1.98352206,"type":"tro_tree_2_bush_huge"}
{"ctxid":1,"pos":[-958.158142,-953.328918,925.577942],"rotationMatrix":[0.959347188,-0.282228321,0,0.282228321,0.959347188,0,0,0,0.999999881],"scale":1.82739425,"type":"tro_tree_2_bush_huge"}
{"ctxid":1,"pos":[-964.919312,-983.606995,924.123779],"rotationMatrix":[0.999040663,0.0437890291,0,-0.0437890291,0.999040663,0,0,0,0.999999881],"scale":1.73571229,"type":"tro_tree_2_bush_huge"}
{"ctxid":1,"pos":[-966.958008,-980.80835,924.002075],"rotationMatrix":[-0.851245224,0.524767816,0,-0.524767816,-0.851245224,0,0,0,0.999999881],"scale":1.72615385,"type":"tro_tree_2_bush_huge"}
{"ctxid":1,"pos":[-964.57666,-971.605652,923.886597],"rotationMatrix":[-0.613760471,-0.78949213,0,0.78949213,-0.613760471,0,0,0,0.999999881],"scale":1.76208878,"type":"tro_tree_2_bush_huge"}
{"ctxid":1,"pos":[-968.807129,-988.458862,924.401611],"rotationMatrix":[0.747824132,-0.66389668,0,0.66389668,0.747824132,0,0,0,0.999999881],"scale":1.31304026,"type":"tro_tree_2_bush_huge"}
{"ctxid":1,"pos":[-973.72052,-995.119385,924.776489],"rotationMatrix":[0.731090546,-0.682280302,0,0.682280302,0.731090546,0,0,0,0.999999881],"scale":1.73465872,"type":"tro_tree_2_bush_huge"}
{"ctxid":1,"pos":[-972.640503,-991.523132,924.582397],"rotationMatrix":[-0.971719921,-0.236136243,0,0.236136243,-0.971719921,0,0,0,0.999999881],"scale":1.38759875,"type":"tro_tree_2_bush_huge"}
{"ctxid":1,"pos":[-955.778625,-993.520569,924.606689],"rotationMatrix":[-0.473130733,0.880992115,0,-0.880992115,-0.473130733,0,0,0,0.999999881],"scale":1.67450643,"type":"tro_tree_2_bush_huge"}
{"ctxid":1,"pos":[-959.966064,-990.125671,924.460571],"rotationMatrix":[-0.148869395,0.988856733,0,-0.988856733,-0.148869395,0,0,0,0.999999881],"scale":0.749168575,"type":"tro_tree_2_bush_huge"}
{"ctxid":1,"pos":[-971.740662,-999.300964,924.997192],"rotationMatrix":[-0.996860862,0.0791720003,0,-0.0791720003,-0.996860862,0,0,0,0.999999881],"scale":0.905587077,"type":"tro_tree_2_bush_huge"}
{"ctxid":1,"pos":[-979.611145,-991.283325,924.484558],"rotationMatrix":[-0.472913951,0.881108463,0,-0.881108463,-0.472913951,0,0,0,0.999999881],"scale":1.64739764,"type":"tro_tree_2_bush_huge"}
{"ctxid":1,"pos":[-993.489014,-1001.7359,923.967896],"rotationMatrix":[0.909771979,0.415108234,0,-0.415108234,0.909771979,0,0,0,0.999999881],"scale":0.932487607,"type":"tro_tree_2_bush_huge"}
{"ctxid":1,"pos":[-988.359741,-1010.32367,924.094238],"rotationMatrix":[-0.992702901,0.120584622,0,-0.120584622,-0.992702901,0,0,0,0.999999881],"scale":1.08477342,"type":"tro_tree_2_bush_huge"}
{"ctxid":1,"pos":[-997.725037,-1008.72174,923.41687],"rotationMatrix":[-0.768059909,-0.640377939,0,0.640377939,-0.768059909,0,0,0,0.999999881],"scale":0.733462155,"type":"tro_tree_2_bush_huge"}
{"ctxid":1,"pos":[-983.751404,-1011.89026,924.391235],"rotationMatrix":[0.260573059,-0.965454042,0,0.965454042,0.260573059,0,0,0,0.999999881],"scale":0.712562382,"type":"tro_tree_2_bush_huge"}
{"ctxid":1,"pos":[-989.055725,-1008.0174,924.121765],"rotationMatrix":[-0.904408455,-0.426667511,0,0.426667511,-0.904408455,0,0,0,0.999999881],"scale":0.997983932,"type":"tro_tree_2_bush_huge"}
{"ctxid":1,"pos":[-975.87384,-1005.34314,925.013428],"rotationMatrix":[-0.924696505,-0.380705237,0,0.380705237,-0.924696505,0,0,0,0.999999881],"scale":1.51200771,"type":"tro_tree_2_bush_huge"}
{"ctxid":1,"pos":[-983.871765,-1006.90033,924.543274],"rotationMatrix":[-0.788828135,0.614613712,0,-0.614613712,-0.788828135,0,0,0,0.999999881],"scale":0.731312394,"type":"tro_tree_2_bush_huge"}
{"ctxid":1,"pos":[-987.882263,-1018.85547,923.753906],"rotationMatrix":[0.899271667,0.437390357,0,-0.437390357,0.899271667,0,0,0,0.999999881],"scale":1.4414506,"type":"tro_tree_2_bush_huge"}
{"ctxid":1,"pos":[-987.967529,-996.514465,924.35321],"rotationMatrix":[0.9171471,-0.398548603,0,0.398548603,0.9171471,0,0,0,0.999999881],"scale":1.77309489,"type":"tro_tree_2_bush_huge"}
{"ctxid":1,"pos":[-990.884521,-1022.49707,923.356201],"rotationMatrix":[0.945446491,-0.325777113,0,0.325777113,0.945446491,0,0,0,0.999999881],"scale":1.54229712,"type":"tro_tree_2_bush_huge"}
{"ctxid":1,"pos":[-995.197998,-1005.12457,923.742554],"rotationMatrix":[0.897079766,-0.441868246,0,0.441868246,0.897079766,0,0,0,0.999999881],"scale":1.11997378,"type":"tro_tree_2_bush_huge"}
{"ctxid":1,"pos":[-1005.47003,-1007.69897,922.982117],"rotationMatrix":[-0.395464569,-0.918481171,0,0.918481171,-0.395464569,0,0,0,0.999999881],"scale":1.04350805,"type":"tro_tree_2_bush_huge"}
{"ctxid":1,"pos":[-996.185303,-1011.25055,923.429077],"rotationMatrix":[-0.975018144,-0.22212483,0,0.22212483,-0.975018144,0,0,0,0.999999881],"scale":1.65153325,"type":"tro_tree_2_bush_huge"}
{"ctxid":1,"pos":[-992.650757,-1016.18073,923.497803],"rotationMatrix":[-0.842305839,0.538999736,0,-0.538999736,-0.842305839,0,0,0,0.999999881],"scale":1.16764522,"type":"tro_tree_2_bush_huge"}
{"ctxid":1,"pos":[-1000.42279,-1016.64941,922.89801],"rotationMatrix":[-0.638715684,-0.769442856,0,0.769442856,-0.638715684,0,0,0,0.999999881],"scale":1.27553463,"type":"tro_tree_2_bush_huge"}
{"ctxid":1,"pos":[-1017.54114,-1008.40033,922.643982],"rotationMatrix":[-0.409959644,0.912103534,0,-0.912103534,-0.409959644,0,0,0,0.999999881],"scale":1.47758257,"type":"tro_tree_2_bush_huge"}
{"ctxid":1,"pos":[-1001.94226,-996.172363,923.72583],"rotationMatrix":[-0.693723857,-0.720240891,0,0.720240891,-0.693723857,0,0,0,0.999999881],"scale":1.62996566,"type":"tro_tree_2_bush_huge"}
{"ctxid":1,"pos":[-1009.77557,-987.139954,924.130005],"rotationMatrix":[0.996133864,0.087848112,0,-0.087848112,0.996133864,0,0,0,0.999999881],"scale":1.59212601,"type":"tro_tree_2_bush_huge"}
{"ctxid":1,"pos":[-1019.72369,-1005.52448,922.643982],"rotationMatrix":[0.809411407,0.587241948,0,-0.587241948,0.809411407,0,0,0,0.999999881],"scale":0.993421078,"type":"tro_tree_2_bush_huge"}
{"ctxid":1,"pos":[-1020.50006,-1001.7995,922.755615],"rotationMatrix":[0.712908208,-0.701257288,0,0.701257288,0.712908208,0,0,0,0.999999881],"scale":1.34507549,"type":"tro_tree_2_bush_huge"}
{"ctxid":1,"pos":[-1017.99017,-990.022949,923.723389],"rotationMatrix":[0.450861841,-0.892593563,0,0.892593563,0.450861841,0,0,0,0.999999881],"scale":0.88688457,"type":"tro_tree_2_bush_huge"}
{"ctxid":1,"pos":[-686.692566,-765.608826,928.986206],"rotationMatrix":[-0.00358565664,-0.999993443,0,0.999993443,-0.00358565664,0,0,0,0.999999881],"scale":1.8228395,"type":"tro_tree_2_bush_huge"}
{"ctxid":1,"pos":[-673.652832,-757.906616,928.934509],"rotationMatrix":[-0.881249368,0.472651571,0,-0.472651571,-0.881249368,0,0,0,0.999999881],"scale":1.47081041,"type":"tro_tree_2_bush_huge"}
{"ctxid":1,"pos":[-690.905884,-765.983032,928.970337],"rotationMatrix":[-0.999242008,-0.0389252603,0,0.0389252603,-0.999242008,0,0,0,0.999999881],"scale":1.7107625,"type":"tro_tree_2_bush_huge"}
{"ctxid":1,"pos":[-685.22345,-770.32312,929.784668],"rotationMatrix":[-0.09906023,0.995081306,0,-0.995081306,-0.09906023,0,0,0,0.999999881],"scale":1.72804093,"type":"tro_tree_2_bush_huge"}
{"ctxid":1,"pos":[-699.842102,-773.254578,929.384094],"rotationMatrix":[-0.990249932,0.139301777,0,-0.139301777,-0.990249932,0,0,0,0.999999881],"scale":1.95199323,"type":"tro_tree_2_bush_huge"}
{"ctxid":1,"pos":[-704.273804,-770.701111,929.000427],"rotationMatrix":[-0.983269095,0.182158619,0,-0.182158619,-0.983269095,0,0,0,0.999999881],"scale":0.829323292,"type":"tro_tree_2_bush_huge"}
{"ctxid":1,"pos":[-706.703186,-775.464111,929.108032],"rotationMatrix":[0.882731259,0.469878107,0,-0.469878107,0.882731259,0,0,0,0.999999881],"scale":1.73651791,"type":"tro_tree_2_bush_huge"}
{"ctxid":1,"pos":[-704.723694,-775.505554,929.246582],"rotationMatrix":[0.517471135,-0.855700552,0,0.855700552,0.517471135,0,0,0,0.999999881],"scale":0.888349652,"type":"tro_tree_2_bush_huge"}
{"ctxid":1,"pos":[-714.894287,-778.385864,928.520203],"rotationMatrix":[0.994930685,-0.10056226,0,0.10056226,0.994930685,0,0,0,0.999999881],"scale":1.52829313,"type":"tro_tree_2_bush_huge"}
{"ctxid":1,"pos":[-698.303284,-780.067383,930.034424],"rotationMatrix":[-0.399990499,-0.916519225,0,0.916519225,-0.399990499,0,0,0,0.999999881],"scale":1.27770185,"type":"tro_tree_2_bush_huge"}
{"ctxid":1,"pos":[-701.886963,-773.685486,929.303955],"rotationMatrix":[-0.980327904,0.197375238,0,-0.197375238,-0.980327904,0,0,0,0.999999881],"scale":0.796065569,"type":"tro_tree_2_bush_huge"}
{"ctxid":1,"pos":[-720.854736,-783.943665,927.907593],"rotationMatrix":[-0.973634303,-0.228114173,0,0.228114173,-0.973634303,0,0,0,0.999999881],"scale":1.97613215,"type":"tro_tree_2_bush_huge"}
{"ctxid":1,"pos":[-663.138733,-757.526123,930.454163],"rotationMatrix":[0.96665746,-0.25607276,0,0.25607276,0.96665746,0,0,0,0.999999881],"scale":1.14080429,"type":"tro_tree_2_bush_huge"}
{"ctxid":1,"pos":[-665.223694,-753.470947,929.650635],"rotationMatrix":[0.998586774,-0.0531444103,0,0.0531444103,0.998586774,0,0,0,0.999999881],"scale":1.26165414,"type":"tro_tree_2_bush_huge"}
{"ctxid":1,"pos":[-666.282227,-757.034424,929.942627],"rotationMatrix":[-0.0623791851,0.998052418,0,-0.998052418,-0.0623791851,0,0,0,0.999999881],"scale":0.749630451,"type":"tro_tree_2_bush_huge"}
{"ctxid":1,"pos":[-662.369629,-755.039124,930.227417],"rotationMatrix":[0.443256825,0.89639467,0,-0.89639467,0.443256825,0,0,0,0.999999881],"scale":1.3236233,"type":"tro_tree_2_bush_huge"}
{"ctxid":1,"pos":[-670.11322,-760.189026,929.828186],"rotationMatrix":[0.967105448,-0.254375517,0,0.254375517,0.967105448,0,0,0,0.999999881],"scale":1.10665202,"type":"tro_tree_2_bush_huge"}
{"ctxid":1,"pos":[-671.139893,-753.595947,928.735474],"rotationMatrix":[-0.100588925,0.994928002,0,-0.994928002,-0.100588925,0,0,0,0.999999881],"scale":0.897866547,"type":"tro_tree_2_bush_huge"}
{"ctxid":1,"pos":[-665.164673,-759.725891,930.505005],"rotationMatrix":[-0.0414698981,0.999139667,0,-0.999139667,-0.0414698981,0,0,0,0.999999881],"scale":1.3548193,"type":"tro_tree_2_bush_huge"}
{"ctxid":1,"pos":[-669.829468,-756.824829,929.380981],"rotationMatrix":[-0.284530878,-0.958666742,0,0.958666742,-0.284530878,0,0,0,0.999999881],"scale":0.783920765,"type":"tro_tree_2_bush_huge"}
{"ctxid":1,"pos":[-631.616821,-721.692688,930.999512],"rotationMatrix":[-0.388848513,0.921301544,0,-0.921301544,-0.388848513,0,0,0,0.999999881],"scale":0.78349781,"type":"tro_tree_2_bush_huge"}
{"ctxid":1,"pos":[-529.068176,-595.264587,931.361206],"rotationMatrix":[0.677521229,-0.735503078,0,0.735503078,0.677521229,0,0,0,0.999999881],"scale":1.50432241,"type":"tro_tree_2_bush_huge"}
