{"ctxid":1,"pos":[-872.019531,-829.203735,924.084534],"rotationMatrix":[-0.985710025,-0.168450549,0,0.168450549,-0.985710025,0,0,0,0.999999881],"scale":1,"type":"tro_tree_1_filler_02"}
{"ctxid":1,"pos":[-910.532715,-834.603394,929.505493],"rotationMatrix":[0.921416223,-0.388576716,0,0.388576716,0.921416223,0,0,0,0.999999881],"scale":1,"type":"tro_tree_1_filler_02"}
{"ctxid":1,"pos":[-798.32782,-771.15271,927.466919],"rotationMatrix":[-0.610515893,0.792003751,0,-0.792003751,-0.610515893,0,0,0,0.999999881],"scale":1,"type":"tro_tree_1_filler_02"}
{"ctxid":1,"pos":[-811.126099,-788.129517,924.959351],"rotationMatrix":[-0.566557646,-0.824021935,0,0.824021935,-0.566557646,0,0,0,0.999999881],"scale":1,"type":"tro_tree_1_filler_02"}
{"ctxid":1,"pos":[-893.030212,-828.2547,927.630737],"rotationMatrix":[-0.706995547,0.707217753,0,-0.707217753,-0.706995547,0,0,0,0.999999881],"scale":1,"type":"tro_tree_1_filler_02"}
{"ctxid":1,"pos":[439.827576,-619.425293,946.073364],"rotationMatrix":[-0.909672141,-0.415327162,0,0.415327162,-0.909672141,0,0,0,0.999999881],"scale":1,"type":"tro_tree_1_filler_02"}
{"ctxid":1,"pos":[535.759766,-606.302368,925.998657],"rotationMatrix":[0.674962759,-0.737851679,0,0.737851679,0.674962759,0,0,0,0.999999881],"scale":1,"type":"tro_tree_1_filler_02"}
{"ctxid":1,"pos":[566.976196,-612.902405,946.967224],"rotationMatrix":[0.452191621,-0.891920686,0,0.891920686,0.452191621,0,0,0,0.999999881],"scale":1,"type":"tro_tree_1_filler_02"}
{"ctxid":1,"pos":[564.352844,-600.746155,925.998657],"rotationMatrix":[-0.691680074,0.722203791,0,-0.722203791,-0.691680074,0,0,0,0.999999881],"scale":1,"type":"tro_tree_1_filler_02"}
{"ctxid":1,"pos":[557.709961,-618.047058,946.668701],"rotationMatrix":[-0.988730252,-0.149707332,0,0.149707332,-0.988730252,0,0,0,0.999999881],"scale":1,"type":"tro_tree_1_filler_02"}
{"ctxid":1,"pos":[537.829468,-590.576294,943.507568],"rotationMatrix":[-0.822217166,-0.569173753,0,0.569173753,-0.822217166,0,0,0,0.999999881],"scale":1,"type":"tro_tree_1_filler_02"}
{"ctxid":1,"pos":[699.747498,-585.938538,947.108643],"rotationMatrix":[-0.368350148,0.929686964,0,-0.929686964,-0.368350148,0,0,0,0.999999881],"scale":1,"type":"tro_tree_1_filler_02"}
{"ctxid":1,"pos":[687.841309,-613.164001,947.916809],"rotationMatrix":[-0.1716232,-0.985162556,0,0.985162556,-0.1716232,0,0,0,0.999999881],"scale":1,"type":"tro_tree_1_filler_02"}
{"ctxid":1,"pos":[752.8573,-584.023254,954.482056],"rotationMatrix":[-0.68811363,0.725602865,0,-0.725602865,-0.68811363,0,0,0,0.999999881],"scale":1,"type":"tro_tree_1_filler_02"}
{"ctxid":1,"pos":[764.608765,-626.41449,955.193359],"rotationMatrix":[0.963805974,0.266604364,0,-0.266604364,0.963805974,0,0,0,0.999999881],"scale":1,"type":"tro_tree_1_filler_02"}
{"ctxid":1,"pos":[794.015747,-637.659912,957.413635],"rotationMatrix":[-0.914540291,-0.404494762,0,0.404494762,-0.914540291,0,0,0,0.999999881],"scale":1,"type":"tro_tree_1_filler_02"}
{"ctxid":1,"pos":[799.462158,-661.262207,957.61377],"rotationMatrix":[-0.983830988,-0.17909874,0,0.17909874,-0.983830988,0,0,0,0.999999881],"scale":1,"type":"tro_tree_1_filler_02"}
{"ctxid":1,"pos":[792.264893,-738.974304,964.687439],"rotationMatrix":[-0.777165711,0.629295886,0,-0.629295886,-0.777165711,0,0,0,0.999999881],"scale":1,"type":"tro_tree_1_filler_02"}
{"ctxid":1,"pos":[707.217163,-668.232422,954.070801],"rotationMatrix":[-0.585133433,-0.810936868,0,0.810936868,-0.585133433,0,0,0,0.999999881],"scale":1,"type":"tro_tree_1_filler_02"}
{"ctxid":1,"pos":[687.006348,-615.09552,948.036255],"rotationMatrix":[-0.612299502,0.790625632,0,-0.790625632,-0.612299502,0,0,0,0.999999881],"scale":1,"type":"tro_tree_1_filler_02"}
{"ctxid":1,"pos":[711.568237,-650.572205,952.317627],"rotationMatrix":[0.816758335,-0.576979756,0,0.576979756,0.816758335,0,0,0,0.999999881],"scale":1,"type":"tro_tree_1_filler_02"}
{"ctxid":1,"pos":[711.820801,-696.58606,956.781982],"rotationMatrix":[0.380756378,-0.924675286,0,0.924675286,0.380756378,0,0,0,0.999999881],"scale":1,"type":"tro_tree_1_filler_02"}
{"ctxid":1,"pos":[665.687561,-592.661865,947.043823],"rotationMatrix":[-0.948226273,-0.317595601,0,0.317595601,-0.948226273,0,0,0,0.999999881],"scale":1,"type":"tro_tree_1_filler_02"}
{"ctxid":1,"pos":[641.90094,-580.349976,947.629211],"rotationMatrix":[-0.930253208,0.366918087,0,-0.366918087,-0.930253208,0,0,0,0.999999881],"scale":1,"type":"tro_tree_1_filler_02"}
{"ctxid":1,"pos":[585.252991,-614.535706,947.616943],"rotationMatrix":[-0.879251957,0.476356804,0,-0.476356804,-0.879251957,0,0,0,0.999999881],"scale":1,"type":"tro_tree_1_filler_02"}
{"ctxid":1,"pos":[536.657898,-627.445068,945.275879],"rotationMatrix":[0.999976993,-0.00676661171,0,0.00676661171,0.999976993,0,0,0,0.999999881],"scale":1,"type":"tro_tree_1_filler_02"}
{"ctxid":1,"pos":[524.525085,-620.721191,943.428833],"rotationMatrix":[0.232468098,0.972603977,0,-0.972603977,0.232468098,0,0,0,0.999999881],"scale":1,"type":"tro_tree_1_filler_02"}
{"ctxid":1,"pos":[568.956909,-617.102783,947.349426],"rotationMatrix":[-0.999163389,0.0408941507,0,-0.0408941507,-0.999163389,0,0,0,0.999999881],"scale":1,"type":"tro_tree_1_filler_02"}
{"ctxid":1,"pos":[553.670349,-606.28479,945.358887],"rotationMatrix":[0.655863822,0.754879177,0,-0.754879177,0.655863822,0,0,0,0.999999881],"scale":1,"type":"tro_tree_1_filler_02"}
{"ctxid":1,"pos":[559.179993,-603.733643,925.998657],"rotationMatrix":[0.0533224568,0.998577297,0,-0.998577297,0.0533224568,0,0,0,0.999999881],"scale":1,"type":"tro_tree_1_filler_02"}
{"ctxid":1,"pos":[483.389252,-605.1026,940.927429],"rotationMatrix":[0.73406297,-0.679081202,0,0.679081202,0.73406297,0,0,0,0.999999881],"scale":1,"type":"tro_tree_1_filler_02"}
{"ctxid":1,"pos":[429.417175,-586.352356,941.205505],"rotationMatrix":[-0.281588137,0.959535241,0,-0.959535241,-0.281588137,0,0,0,0.999999881],"scale":1,"type":"tro_tree_1_filler_02"}
{"ctxid":1,"pos":[476.063232,-596.838013,940.378906],"rotationMatrix":[0.993378341,0.114888385,0,-0.114888385,0.993378341,0,0,0,0.999999881],"scale":1,"type":"tro_tree_1_filler_02"}
{"ctxid":1,"pos":[487.804962,-588.629883,931.421936],"rotationMatrix":[-0.469926983,-0.882705152,0,0.882705152,-0.469926983,0,0,0,0.999999881],"scale":1,"type":"tro_tree_1_filler_02"}
{"ctxid":1,"pos":[480.041412,-586.916809,925.998657],"rotationMatrix":[-0.262169182,-0.965021849,0,0.965021849,-0.262169182,0,0,0,0.999999881],"scale":1,"type":"tro_tree_1_filler_02"}
{"ctxid":1,"pos":[477.732605,-595.172974,940.363892],"rotationMatrix":[-0.0331039354,-0.999451816,0,0.999451816,-0.0331039354,0,0,0,0.999999881],"scale":1,"type":"tro_tree_1_filler_02"}
{"ctxid":1,"pos":[903.641724,-824.022888,965.783264],"rotationMatrix":[-0.248457968,-0.968642652,0,0.968642652,-0.248457968,0,0,0,0.999999881],"scale":1,"type":"tro_tree_1_filler_02"}
{"ctxid":1,"pos":[923.305542,-814.29718,966.68335],"rotationMatrix":[0.867232025,0.497904181,0,-0.497904181,0.867232025,0,0,0,0.999999881],"scale":1,"type":"tro_tree_1_filler_02"}
{"ctxid":1,"pos":[902.192749,-678.838684,955.972534],"rotationMatrix":[-0.957015336,-0.290037364,0,0.290037364,-0.957015336,0,0,0,0.999999881],"scale":1,"type":"tro_tree_1_filler_02"}
{"ctxid":1,"pos":[904.957397,-689.224487,955.8302],"rotationMatrix":[0.391003251,-0.920389235,0,0.920389235,0.391003251,0,0,0,0.999999881],"scale":1,"type":"tro_tree_1_filler_02"}
{"ctxid":1,"pos":[968.617249,-641.7771,958.237244],"rotationMatrix":[-0.933853567,0.357655257,0,-0.357655257,-0.933853567,0,0,0,0.999999881],"scale":1,"type":"tro_tree_1_filler_02"}
{"ctxid":1,"pos":[941.568298,-686.269409,956.303345],"rotationMatrix":[-0.810828865,-0.58528316,0,0.58528316,-0.810828865,0,0,0,0.999999881],"scale":1,"type":"tro_tree_1_filler_02"}
{"ctxid":1,"pos":[886.484924,-663.253723,956.29071],"rotationMatrix":[0.067399554,0.997725964,0,-0.997725964,0.067399554,0,0,0,0.999999881],"scale":1,"type":"tro_tree_1_filler_02"}
{"ctxid":1,"pos":[882.957581,-655.754395,956.278198],"rotationMatrix":[0.961514413,-0.274754077,0,0.274754077,0.961514413,0,0,0,0.999999881],"scale":1,"type":"tro_tree_1_filler_02"}
{"ctxid":1,"pos":[853.867676,-619.801514,955.804199],"rotationMatrix":[0.581468582,0.81356883,0,-0.81356883,0.581468582,0,0,0,0.999999881],"scale":1,"type":"tro_tree_1_filler_02"}
{"ctxid":1,"pos":[884.652466,-726.792908,957.992676],"rotationMatrix":[0.15650624,-0.987676799,0,0.987676799,0.15650624,0,0,0,0.999999881],"scale":1,"type":"tro_tree_1_filler_02"}
{"ctxid":1,"pos":[907.937744,-727.609253,957.688965],"rotationMatrix":[-0.678368568,0.734721541,0,-0.734721541,-0.678368568,0,0,0,0.999999881],"scale":1,"type":"tro_tree_1_filler_02"}
{"ctxid":1,"pos":[919.941101,-717.296875,956.893555],"rotationMatrix":[-0.0445021577,0.999009252,0,-0.999009252,-0.0445021577,0,0,0,0.999999881],"scale":1,"type":"tro_tree_1_filler_02"}
{"ctxid":1,"pos":[936.038391,-710.587891,957.087158],"rotationMatrix":[0.991313875,0.131516576,0,-0.131516576,0.991313875,0,0,0,0.999999881],"scale":1,"type":"tro_tree_1_filler_02"}
{"ctxid":1,"pos":[924.325928,-713.513123,956.723999],"rotationMatrix":[0.230238125,0.973134279,0,-0.973134279,0.230238125,0,0,0,0.999999881],"scale":1,"type":"tro_tree_1_filler_02"}
{"ctxid":1,"pos":[943.735413,-730.683472,959.707947],"rotationMatrix":[0.949301541,-0.314366668,0,0.314366668,0.949301541,0,0,0,0.999999881],"scale":1,"type":"tro_tree_1_filler_02"}
{"ctxid":1,"pos":[928.087219,-713.909912,956.939514],"rotationMatrix":[-0.978631198,0.205623195,0,-0.205623195,-0.978631198,0,0,0,0.999999881],"scale":1,"type":"tro_tree_1_filler_02"}
{"ctxid":1,"pos":[220.594315,-252.574875,933.028992],"rotationMatrix":[0.874812543,-0.484461516,0,0.484461516,0.874812543,0,0,0,0.999999881],"scale":1,"type":"tro_tree_1_filler_02"}
{"ctxid":1,"pos":[240.752762,-232.840363,935.813843],"rotationMatrix":[0.945314109,0.326161236,0,-0.326161236,0.945314109,0,0,0,0.999999881],"scale":1,"type":"tro_tree_1_filler_02"}
{"ctxid":1,"pos":[273.9664,-193.753632,931.834473],"rotationMatrix":[-0.9156093,-0.402069122,0,0.402069122,-0.9156093,0,0,0,0.999999881],"scale":1,"type":"tro_tree_1_filler_02"}
{"ctxid":1,"pos":[282.828003,-178.969238,929.965088],"rotationMatrix":[0.534738779,-0.845017374,0,0.845017374,0.534738779,0,0,0,0.999999881],"scale":1,"type":"tro_tree_1_filler_02"}
{"ctxid":1,"pos":[274.727966,-160.864044,945.400574],"rotationMatrix":[-0.998310149,0.0581097528,0,-0.0581097528,-0.998310149,0,0,0,0.999999881],"scale":1,"type":"tro_tree_1_filler_02"}
{"ctxid":1,"pos":[-1000.77679,-931.378479,927.99292],"rotationMatrix":[0.986680925,0.162666768,0,-0.162666768,0.986680925,0,0,0,0.999999881],"scale":1,"type":"tro_tree_1_filler_02"}
{"ctxid":1,"pos":[-973.895386,-964.440918,924.32666],"rotationMatrix":[0.815690815,0.578488111,0,-0.578488111,0.815690815,0,0,0,0.999999881],"scale":1,"type":"tro_tree_1_filler_02"}
{"ctxid":1,"pos":[-257.78537,-641.595032,931.736572],"rotationMatrix":[-0.753828049,-0.657071769,0,0.657071769,-0.753828049,0,0,0,0.999999881],"scale":1,"type":"tro_tree_1_filler_02"}
{"ctxid":1,"pos":[-184.765671,-624.904602,932.659912],"rotationMatrix":[-0.557103217,0.830443025,0,-0.830443025,-0.557103217,0,0,0,0.999999881],"scale":1,"type":"tro_tree_1_filler_02"}
