{"name":"italy_guardrails_highway_bridge_heavy.dae 98-1-1","class":"TSStatic","__parent":"Road Architect - Road 98","position":[-504.725037,-564.62738,932.019348],"decalType":"None","isRenderEnabled":false,"rotationMatrix":[-0.968392849,0.249429822,6.56071497e-05,-0.249429822,-0.968392849,9.09494702e-13,6.35335018e-05,-1.63643817e-05,1],"shapeName":"/art/shapes/objects/italy_guardrails_highway_bridge_heavy.dae"}
{"name":"italy_guardrails_highway_bridge_heavy.dae 98-1-2","class":"TSStatic","__parent":"Road Architect - Road 98","position":[-507.913116,-564.104126,932.019409],"decalType":"None","isRenderEnabled":false,"rotationMatrix":[-0.997337699,0.0729209781,3.51031528e-14,-0.0729209781,-0.997337699,-8.42365457e-15,3.43954398e-14,-1.09609841e-14,1],"shapeName":"/art/shapes/objects/italy_guardrails_highway_bridge_heavy.dae"}
{"name":"italy_guardrails_highway_bridge_heavy.dae 98-1-3","class":"TSStatic","__parent":"Road Architect - Road 98","position":[-511.149902,-564.083923,932.019409],"decalType":"None","isRenderEnabled":false,"rotationMatrix":[-0.99818337,-0.0602495186,0,0.0602495186,-0.99818337,0,0,0,1],"shapeName":"/art/shapes/objects/italy_guardrails_highway_bridge_heavy.dae"}
{"name":"italy_guardrails_highway_bridge_heavy.dae 98-1-4","class":"TSStatic","__parent":"Road Architect - Road 98","position":[-514.38916,-564.335876,932.019409],"decalType":"None","isRenderEnabled":false,"rotationMatrix":[-0.995496392,-0.0947982743,0,0.0947982743,-0.995496392,0,0,0,1],"shapeName":"/art/shapes/objects/italy_guardrails_highway_bridge_heavy.dae"}
{"name":"italy_guardrails_highway_bridge_heavy.dae 98-1-5","class":"TSStatic","__parent":"Road Architect - Road 98","position":[-517.624207,-564.643921,932.019409],"decalType":"None","isRenderEnabled":false,"rotationMatrix":[-0.995496392,-0.0947982743,0,0.0947982743,-0.995496392,0,0,0,1],"shapeName":"/art/shapes/objects/italy_guardrails_highway_bridge_heavy.dae"}
{"name":"italy_guardrails_highway_bridge_heavy.dae 98--1-1","class":"TSStatic","__parent":"Road Architect - Road 98","position":[-502.734772,-557.911194,932.019409],"decalType":"None","isRenderEnabled":false,"rotationMatrix":[0.967632413,-0.252363831,-1.04979149e-13,0.252363831,0.967632413,0,1.01581233e-13,-2.64929426e-14,1],"shapeName":"/art/shapes/objects/italy_guardrails_highway_bridge_heavy.dae"}
{"name":"italy_guardrails_highway_bridge_heavy.dae 98--1-2","class":"TSStatic","__parent":"Road Architect - Road 98","position":[-505.90979,-557.252197,932.019409],"decalType":"None","isRenderEnabled":false,"rotationMatrix":[0.98815167,-0.153480366,1.50142241e-05,0.153480366,0.98815167,0,-1.48363306e-05,2.30438854e-06,1],"shapeName":"/art/shapes/objects/italy_guardrails_highway_bridge_heavy.dae"}
{"name":"italy_guardrails_highway_bridge_heavy.dae 98--1-3","class":"TSStatic","__parent":"Road Architect - Road 98","position":[-509.136932,-557.018738,932.019348],"decalType":"None","isRenderEnabled":false,"rotationMatrix":[0.999954343,0.0095549114,1.04937244e-05,-0.0095549114,0.999954343,0,-1.0493246e-05,-1.00266604e-07,1],"shapeName":"/art/shapes/objects/italy_guardrails_highway_bridge_heavy.dae"}
{"name":"italy_guardrails_highway_bridge_heavy.dae 98--1-4","class":"TSStatic","__parent":"Road Architect - Road 98","position":[-512.381653,-557.148193,932.019409],"decalType":"None","isRenderEnabled":false,"rotationMatrix":[0.997537076,0.0701411292,-2.54822626e-05,-0.0701411292,0.997537076,-5.68434189e-14,2.54195002e-05,1.78735468e-06,1],"shapeName":"/art/shapes/objects/italy_guardrails_highway_bridge_heavy.dae"}
{"name":"italy_guardrails_highway_bridge_heavy.dae 98--1-5","class":"TSStatic","__parent":"Road Architect - Road 98","position":[-515.619263,-557.422607,932.019409],"decalType":"None","isRenderEnabled":false,"rotationMatrix":[0.995113492,0.0987376496,0,-0.0987376496,0.995113492,0,0,0,1],"shapeName":"/art/shapes/objects/italy_guardrails_highway_bridge_heavy.dae"}
{"name":"italy_guardrails_highway_bridge_heavy.dae 98--1-6","class":"TSStatic","__parent":"Road Architect - Road 98","position":[-518.853088,-557.743469,932.019409],"decalType":"None","isRenderEnabled":false,"rotationMatrix":[0.995113492,0.0987376496,0,-0.0987376496,0.995113492,0,0,0,1],"shapeName":"/art/shapes/objects/italy_guardrails_highway_bridge_heavy.dae"}
{"class":"DecalRoad","persistentId":"cb2979dd-f621-4b82-8073-52ede013b363","__parent":"Road Architect - Road 98","position":[-502.15744,-561.676819,936.210022],"autoLanes":false,"drivability":1,"improvedSpline":true,"material":"road_invisible","nodes":[[-502.15744,-561.676819,936.210022,7],[-504.056488,-561.147461,936.210022,7],[-505.793365,-560.749634,936.210022,7],[-507.489014,-560.497559,936.210022,7],[-509.129181,-560.466858,936.210022,7],[-511.149567,-560.553467,936.210022,7],[-513.247559,-560.70752,936.210022,7],[-515.120728,-560.879272,936.210022,7],[-516.466431,-561.018799,936.210022,7]],"overObjects":true,"renderPriority":11,"textureLength":36}
{"class":"DecalRoad","persistentId":"69c2bea2-6a63-462b-a3b7-a1862d7c279c","__parent":"Road Architect - Road 98","position":[-501.660187,-559.998962,936.210022],"improvedSpline":true,"material":"m_tread_marks_clean","nodes":[[-501.660187,-559.998962,936.210022,3.5],[-503.635681,-559.448792,936.210022,3.5],[-505.467834,-559.030151,936.210022,3.5],[-507.341217,-558.753845,936.210022,3.5],[-509.155884,-558.717041,936.210022,3.5],[-511.251648,-558.806396,936.210022,3.5],[-513.390686,-558.963379,936.210022,3.5],[-515.289185,-559.13739,936.210022,3.5],[-516.650757,-559.278564,936.210022,3.5]],"overObjects":true,"renderPriority":3,"textureLength":36}
{"class":"DecalRoad","persistentId":"22d232a8-c31a-4bc6-a7af-099af27186ff","__parent":"Road Architect - Road 98","position":[-502.654724,-563.354736,936.210022],"improvedSpline":true,"material":"m_tread_marks_clean","nodes":[[-502.654724,-563.354736,936.210022,3.5],[-504.477295,-562.846069,936.210022,3.5],[-506.118896,-562.469055,936.210022,3.5],[-507.63681,-562.241333,936.210022,3.5],[-509.102509,-562.216675,936.210022,3.5],[-511.047455,-562.300476,936.210022,3.5],[-513.104492,-562.45166,936.210022,3.5],[-514.952209,-562.621094,936.210022,3.5],[-516.282104,-562.759094,936.210022,3.5]],"overObjects":true,"renderPriority":4,"textureLength":36}
{"class":"DecalRoad","persistentId":"82b5ab88-8616-4618-aa1f-c876c09bd36f","__parent":"Road Architect - Road 98","position":[-507.341217,-558.753845,936.210022],"improvedSpline":true,"material":"road_patches1","nodes":[[-507.341217,-558.753845,936.210022,3.5],[-509.155884,-558.717041,936.210022,3.5],[-511.251648,-558.806396,936.210022,3.5],[-513.390686,-558.963379,936.210022,3.5],[-515.289185,-559.13739,936.210022,3.5],[-516.650757,-559.278564,936.210022,3.5]],"overObjects":true,"renderPriority":5,"startEndFade":[6.182055,6.182055],"textureLength":26}
{"class":"DecalRoad","persistentId":"12ffe638-2fa8-4faf-913a-ddc396ce7780","__parent":"Road Architect - Road 98","position":[-502.654724,-563.354736,936.210022],"improvedSpline":true,"material":"road_patches1","nodes":[[-502.654724,-563.354736,936.210022,3.5],[-504.477295,-562.846069,936.210022,3.5],[-506.118896,-562.469055,936.210022,3.5],[-507.63681,-562.241333,936.210022,3.5]],"overObjects":true,"renderPriority":6,"startEndFade":[3.54927397,3.54927397],"textureLength":26}
