{"name":"Sidewalk_85_1","class":"ProceduralMesh","__parent":"Road Architect - Road 85"}
{"name":"Curb_85_1","class":"ProceduralMesh","__parent":"Road Architect - Road 85"}
{"name":"Sidewalk_85_3","class":"ProceduralMesh","__parent":"Road Architect - Road 85"}
{"name":"Curb_85_3","class":"ProceduralMesh","__parent":"Road Architect - Road 85"}
{"name":"italy_guardrails_highway_bridge_heavy.dae 85--2-1","class":"TSStatic","__parent":"Road Architect - Road 85","position":[-940.021057,-925.570801,931.019531],"decalType":"None","isRenderEnabled":false,"rotationMatrix":[0.61349225,-0.789700747,0,0.789700747,0.61349225,0,0,0,1],"shapeName":"/art/shapes/objects/italy_guardrails_highway_bridge_heavy.dae"}
{"name":"italy_guardrails_highway_bridge_heavy.dae 85--2-2","class":"TSStatic","__parent":"Road Architect - Road 85","position":[-942.014771,-923.004456,931.019531],"decalType":"None","isRenderEnabled":false,"rotationMatrix":[0.61349225,-0.789700747,0,0.789700747,0.61349225,0,0,0,1],"shapeName":"/art/shapes/objects/italy_guardrails_highway_bridge_heavy.dae"}
{"name":"italy_guardrails_highway_bridge_heavy.dae 85--2-3","class":"TSStatic","__parent":"Road Architect - Road 85","position":[-944.008484,-920.43811,931.019531],"decalType":"None","isRenderEnabled":false,"rotationMatrix":[0.61349225,-0.789700747,0,0.789700747,0.61349225,0,0,0,1],"shapeName":"/art/shapes/objects/italy_guardrails_highway_bridge_heavy.dae"}
{"name":"italy_guardrails_highway_bridge_heavy.dae 85--2-4","class":"TSStatic","__parent":"Road Architect - Road 85","position":[-946.002136,-917.871765,931.019531],"decalType":"None","isRenderEnabled":false,"rotationMatrix":[0.61349225,-0.789700747,0,0.789700747,0.61349225,0,0,0,1],"shapeName":"/art/shapes/objects/italy_guardrails_highway_bridge_heavy.dae"}
{"name":"italy_guardrails_highway_bridge_heavy.dae 85--2-5","class":"TSStatic","__parent":"Road Architect - Road 85","position":[-947.99585,-915.30542,931.019531],"decalType":"None","isRenderEnabled":false,"rotationMatrix":[0.61349225,-0.789700747,0,0.789700747,0.61349225,0,0,0,1],"shapeName":"/art/shapes/objects/italy_guardrails_highway_bridge_heavy.dae"}
{"name":"italy_guardrails_highway_bridge_heavy.dae 85--2-6","class":"TSStatic","__parent":"Road Architect - Road 85","position":[-949.989563,-912.739014,931.019409],"decalType":"None","isRenderEnabled":false,"rotationMatrix":[0.61349225,-0.789700747,7.45919533e-05,0.789700747,0.61349225,1.8189894e-12,-4.57615897e-05,5.89053161e-05,1],"shapeName":"/art/shapes/objects/italy_guardrails_highway_bridge_heavy.dae"}
{"name":"italy_guardrails_highway_bridge_heavy.dae 85--2-7","class":"TSStatic","__parent":"Road Architect - Road 85","position":[-951.983276,-910.172668,931.018738],"decalType":"None","isRenderEnabled":false,"rotationMatrix":[0.61349225,-0.789700687,0.000307847193,0.789700687,0.61349225,0,-0.000188861872,0.000243107163,0.99999994],"shapeName":"/art/shapes/objects/italy_guardrails_highway_bridge_heavy.dae"}
{"name":"italy_guardrails_highway_bridge_heavy.dae 85--2-8","class":"TSStatic","__parent":"Road Architect - Road 85","position":[-953.97699,-907.606323,931.017761],"decalType":"None","isRenderEnabled":false,"rotationMatrix":[0.61349225,-0.789700687,0.000307847193,0.789700687,0.61349225,0,-0.000188861872,0.000243107163,0.99999994],"shapeName":"/art/shapes/objects/italy_guardrails_highway_bridge_heavy.dae"}
{"name":"italy_guardrails_highway_bridge_heavy.dae 85--2-9","class":"TSStatic","__parent":"Road Architect - Road 85","position":[-955.970703,-905.039978,931.016785],"decalType":"None","isRenderEnabled":false,"rotationMatrix":[0.61349225,-0.789700687,0.000307847193,0.789700687,0.61349225,0,-0.000188861872,0.000243107163,0.99999994],"shapeName":"/art/shapes/objects/italy_guardrails_highway_bridge_heavy.dae"}
{"name":"italy_guardrails_highway_bridge_heavy.dae 85--2-10","class":"TSStatic","__parent":"Road Architect - Road 85","position":[-957.964417,-902.473633,931.016541],"decalType":"None","isRenderEnabled":false,"rotationMatrix":[0.61349225,-0.789700747,-0.000162476223,0.789700747,0.61349225,7.27595761e-12,9.96778981e-05,-0.000128307584,1],"shapeName":"/art/shapes/objects/italy_guardrails_highway_bridge_heavy.dae"}
{"name":"italy_guardrails_highway_bridge_heavy.dae 85--2-11","class":"TSStatic","__parent":"Road Architect - Road 85","position":[-959.95813,-899.907288,931.017456],"decalType":"None","isRenderEnabled":false,"rotationMatrix":[0.61349225,-0.789700627,-0.000422763202,0.789700747,0.61349225,0,0.000259361957,-0.000333856413,0.99999994],"shapeName":"/art/shapes/objects/italy_guardrails_highway_bridge_heavy.dae"}
{"name":"italy_guardrails_highway_bridge_heavy.dae 85--2-12","class":"TSStatic","__parent":"Road Architect - Road 85","position":[-961.951843,-897.340942,931.01886],"decalType":"None","isRenderEnabled":false,"rotationMatrix":[0.61349225,-0.789700627,-0.000422763202,0.789700747,0.61349225,0,0.000259361957,-0.000333856413,0.99999994],"shapeName":"/art/shapes/objects/italy_guardrails_highway_bridge_heavy.dae"}
{"name":"italy_guardrails_highway_bridge_heavy.dae 85-3-1","class":"TSStatic","__parent":"Road Architect - Road 85","position":[-948.707764,-932.319214,931.01947],"decalType":"None","isRenderEnabled":false,"rotationMatrix":[-0.61349237,0.789700747,-3.31632327e-05,-0.789700747,-0.61349237,0,-2.03453856e-05,2.61890291e-05,1],"shapeName":"/art/shapes/objects/italy_guardrails_highway_bridge_heavy.dae"}
{"name":"italy_guardrails_highway_bridge_heavy.dae 85-3-2","class":"TSStatic","__parent":"Road Architect - Road 85","position":[-950.701477,-929.752869,931.019348],"decalType":"None","isRenderEnabled":false,"rotationMatrix":[-0.61349237,0.789700747,-3.31632327e-05,-0.789700747,-0.61349237,0,-2.03453856e-05,2.61890291e-05,1],"shapeName":"/art/shapes/objects/italy_guardrails_highway_bridge_heavy.dae"}
{"name":"italy_guardrails_highway_bridge_heavy.dae 85-3-3","class":"TSStatic","__parent":"Road Architect - Road 85","position":[-952.69519,-927.186523,931.019287],"decalType":"None","isRenderEnabled":false,"rotationMatrix":[-0.61349237,0.789700747,1.14539544e-05,-0.789700747,-0.61349237,0,7.0269125e-06,-9.04519584e-06,1],"shapeName":"/art/shapes/objects/italy_guardrails_highway_bridge_heavy.dae"}
{"name":"italy_guardrails_highway_bridge_heavy.dae 85-3-4","class":"TSStatic","__parent":"Road Architect - Road 85","position":[-954.688904,-924.620178,931.019348],"decalType":"None","isRenderEnabled":false,"rotationMatrix":[-0.61349237,0.789700747,1.98979396e-05,-0.789700747,-0.61349237,0,1.22072333e-05,-1.57134182e-05,1],"shapeName":"/art/shapes/objects/italy_guardrails_highway_bridge_heavy.dae"}
{"name":"italy_guardrails_highway_bridge_heavy.dae 85-3-5","class":"TSStatic","__parent":"Road Architect - Road 85","position":[-956.682556,-922.053833,931.019409],"decalType":"None","isRenderEnabled":false,"rotationMatrix":[-0.61349237,0.789700747,1.98979396e-05,-0.789700747,-0.61349237,0,1.22072333e-05,-1.57134182e-05,1],"shapeName":"/art/shapes/objects/italy_guardrails_highway_bridge_heavy.dae"}
{"name":"italy_guardrails_highway_bridge_heavy.dae 85-3-6","class":"TSStatic","__parent":"Road Architect - Road 85","position":[-958.67627,-919.487488,931.01947],"decalType":"None","isRenderEnabled":false,"rotationMatrix":[-0.61349237,0.789700747,1.50766318e-05,-0.789700747,-0.61349237,0,9.24939741e-06,-1.19060269e-05,1],"shapeName":"/art/shapes/objects/italy_guardrails_highway_bridge_heavy.dae"}
{"name":"italy_guardrails_highway_bridge_heavy.dae 85-3-7","class":"TSStatic","__parent":"Road Architect - Road 85","position":[-960.669983,-916.921082,931.019531],"decalType":"None","isRenderEnabled":false,"rotationMatrix":[-0.61349237,0.789700747,0,-0.789700747,-0.61349237,0,0,0,1],"shapeName":"/art/shapes/objects/italy_guardrails_highway_bridge_heavy.dae"}
{"name":"italy_guardrails_highway_bridge_heavy.dae 85-3-8","class":"TSStatic","__parent":"Road Architect - Road 85","position":[-962.663696,-914.354736,931.019531],"decalType":"None","isRenderEnabled":false,"rotationMatrix":[-0.61349237,0.789700747,0,-0.789700747,-0.61349237,0,0,0,1],"shapeName":"/art/shapes/objects/italy_guardrails_highway_bridge_heavy.dae"}
{"name":"italy_guardrails_highway_bridge_heavy.dae 85-3-9","class":"TSStatic","__parent":"Road Architect - Road 85","position":[-964.65741,-911.788391,931.019531],"decalType":"None","isRenderEnabled":false,"rotationMatrix":[-0.61349237,0.789700747,0,-0.789700747,-0.61349237,0,0,0,1],"shapeName":"/art/shapes/objects/italy_guardrails_highway_bridge_heavy.dae"}
{"name":"italy_guardrails_highway_bridge_heavy.dae 85-3-10","class":"TSStatic","__parent":"Road Architect - Road 85","position":[-966.651123,-909.222046,931.019043],"decalType":"None","isRenderEnabled":false,"rotationMatrix":[-0.61349237,0.789700747,-0.000287155039,-0.789700747,-0.61349237,0,-0.000176167407,0.00022676654,0.99999994],"shapeName":"/art/shapes/objects/italy_guardrails_highway_bridge_heavy.dae"}
{"name":"italy_guardrails_highway_bridge_heavy.dae 85-3-11","class":"TSStatic","__parent":"Road Architect - Road 85","position":[-968.644836,-906.655701,931.017822],"decalType":"None","isRenderEnabled":false,"rotationMatrix":[-0.613492131,0.789700627,-0.000446072605,-0.789700747,-0.61349225,0,-0.000273662095,0.000352263858,0.999999881],"shapeName":"/art/shapes/objects/italy_guardrails_highway_bridge_heavy.dae"}
{"name":"italy_guardrails_highway_bridge_heavy.dae 85-3-12","class":"TSStatic","__parent":"Road Architect - Road 85","position":[-970.63855,-904.089355,931.016418],"decalType":"None","isRenderEnabled":false,"rotationMatrix":[-0.613492131,0.789700627,-0.000446072605,-0.789700747,-0.61349225,0,-0.000273662095,0.000352263858,0.999999881],"shapeName":"/art/shapes/objects/italy_guardrails_highway_bridge_heavy.dae"}
{"class":"DecalRoad","persistentId":"5cb2e4df-9829-4144-a132-b890c19dc732","__parent":"Road Architect - Road 85","position":[-943.367554,-930.228149,935.210022],"autoLanes":false,"drivability":1,"improvedSpline":true,"lanesRight":2,"material":"road_invisible","nodes":[[-943.367554,-930.228149,935.210022,9],[-947.672241,-924.687073,935.210022,9],[-954.846741,-915.451904,935.210022,9],[-962.021179,-906.216736,935.210022,9],[-966.325867,-900.675659,935.210022,9]],"overObjects":true,"renderPriority":52,"textureLength":36}
{"class":"DecalRoad","persistentId":"f6895160-c96c-4219-bd1d-60f20ce2194f","__parent":"Road Architect - Road 85","position":[-940.120605,-927.072571,935.210022],"improvedSpline":true,"material":"m_asphalt_damaged_02","nodes":[[-940.120605,-927.072571,935.210022,1],[-947.227905,-932.594055,935.210022,1]],"overObjects":true,"renderPriority":3}
{"class":"DecalRoad","persistentId":"3216917b-1d8a-42af-9173-1fcefcccef19","__parent":"Road Architect - Road 85","position":[-940.998413,-928.387695,935.210022],"improvedSpline":true,"material":"m_asphalt_damaged_01","nodes":[[-940.998413,-928.387695,935.210022,3],[-945.303101,-922.846619,935.210022,3],[-952.4776,-913.61145,935.210022,3],[-959.6521,-904.376282,935.210022,3],[-963.956787,-898.835205,935.210022,3]],"overObjects":true,"renderPriority":4,"textureLength":26}
{"class":"DecalRoad","persistentId":"4b31f5bf-c060-4201-b2bc-3f81986771ba","__parent":"Road Architect - Road 85","position":[-943.367554,-930.228149,935.210022],"improvedSpline":true,"material":"m_asphalt_damaged_01","nodes":[[-943.367554,-930.228149,935.210022,3],[-947.672241,-924.687073,935.210022,3],[-954.846741,-915.451904,935.210022,3],[-962.021179,-906.216736,935.210022,3],[-966.325867,-900.675659,935.210022,3]],"overObjects":true,"renderPriority":5,"textureLength":26}
{"class":"DecalRoad","persistentId":"f8341d4a-c881-4d3e-913e-be5df5c1fd17","__parent":"Road Architect - Road 85","position":[-945.736633,-932.068665,935.210022],"improvedSpline":true,"material":"m_asphalt_damaged_02","nodes":[[-945.736633,-932.068665,935.210022,3],[-950.041321,-926.527527,935.210022,3],[-957.21582,-917.292358,935.210022,3],[-964.39032,-908.057251,935.210022,3],[-968.695007,-902.516113,935.210022,3]],"overObjects":true,"renderPriority":6,"textureLength":26}
{"class":"DecalRoad","persistentId":"6fb62af7-caf5-4072-824f-f1d319b1d84d","__parent":"Road Architect - Road 85","position":[-940.998413,-928.387695,935.210022],"improvedSpline":true,"material":"m_asphalt_cracks_02","nodes":[[-940.998413,-928.387695,935.210022,3],[-945.303101,-922.846619,935.210022,3],[-952.4776,-913.61145,935.210022,3],[-959.6521,-904.376282,935.210022,3],[-963.956787,-898.835205,935.210022,3]],"overObjects":true,"renderPriority":7,"textureLength":36}
{"class":"DecalRoad","persistentId":"244455c2-e77d-441a-9bad-8c47543533c6","__parent":"Road Architect - Road 85","position":[-943.367554,-930.228149,935.210022],"improvedSpline":true,"material":"m_asphalt_cracks_02","nodes":[[-943.367554,-930.228149,935.210022,3],[-947.672241,-924.687073,935.210022,3],[-954.846741,-915.451904,935.210022,3],[-962.021179,-906.216736,935.210022,3],[-966.325867,-900.675659,935.210022,3]],"overObjects":true,"renderPriority":8,"textureLength":36}
{"class":"DecalRoad","persistentId":"f64e955c-46a7-412a-9571-05d605e86101","__parent":"Road Architect - Road 85","position":[-945.736633,-932.068665,935.210022],"improvedSpline":true,"material":"m_asphalt_cracks_02","nodes":[[-945.736633,-932.068665,935.210022,3],[-950.041321,-926.527527,935.210022,3],[-957.21582,-917.292358,935.210022,3],[-964.39032,-908.057251,935.210022,3],[-968.695007,-902.516113,935.210022,3]],"overObjects":true,"renderPriority":9,"textureLength":36}
{"class":"DecalRoad","persistentId":"543c624c-14e3-4f84-9a69-f281e68cb5a1","__parent":"Road Architect - Road 85","position":[-940.998413,-928.387695,935.210022],"improvedSpline":true,"material":"road_rubber_double","nodes":[[-940.998413,-928.387695,935.210022,3],[-945.303101,-922.846619,935.210022,3],[-952.4776,-913.61145,935.210022,3],[-959.6521,-904.376282,935.210022,3],[-963.956787,-898.835205,935.210022,3]],"overObjects":true,"textureLength":36}
{"class":"DecalRoad","persistentId":"79cea8f1-143b-4674-a86a-0e707cd50fb6","__parent":"Road Architect - Road 85","position":[-943.367554,-930.228149,935.210022],"improvedSpline":true,"material":"road_rubber_double","nodes":[[-943.367554,-930.228149,935.210022,3],[-947.672241,-924.687073,935.210022,3],[-954.846741,-915.451904,935.210022,3],[-962.021179,-906.216736,935.210022,3],[-966.325867,-900.675659,935.210022,3]],"overObjects":true,"renderPriority":11,"textureLength":36}
{"class":"DecalRoad","persistentId":"5ad57874-489a-4470-92f0-457b29d8b6f7","__parent":"Road Architect - Road 85","position":[-945.736633,-932.068665,935.210022],"improvedSpline":true,"material":"road_rubber_double","nodes":[[-945.736633,-932.068665,935.210022,3],[-950.041321,-926.527527,935.210022,3],[-957.21582,-917.292358,935.210022,3],[-964.39032,-908.057251,935.210022,3],[-968.695007,-902.516113,935.210022,3]],"overObjects":true,"renderPriority":12,"textureLength":36}
{"class":"DecalRoad","persistentId":"797bbfd4-5abb-4e56-975c-cdfe60815503","__parent":"Road Architect - Road 85","position":[-954.846741,-915.451904,935.210022],"improvedSpline":true,"material":"road_patches1","nodes":[[-954.846741,-915.451904,935.210022,3],[-962.021179,-906.216736,935.210022,3],[-966.325867,-900.675659,935.210022,3]],"overObjects":true,"renderPriority":13,"startEndFade":[12.1622839,12.1622839],"textureLength":26}
{"class":"DecalRoad","persistentId":"5f855d29-7f92-4d8a-b10d-253dbfb1a10f","__parent":"Road Architect - Road 85","position":[-940.998413,-928.387695,935.210022],"improvedSpline":true,"material":"road_patches1","nodes":[[-940.998413,-928.387695,935.210022,3],[-945.303101,-922.846619,935.210022,3],[-952.4776,-913.61145,935.210022,3]],"overObjects":true,"renderPriority":14,"startEndFade":[12.1622839,12.1622839],"textureLength":26}
{"class":"DecalRoad","persistentId":"2c83c788-1437-4ddb-ad9d-391a76b301e0","__parent":"Road Architect - Road 85","position":[-952.4776,-913.61145,935.210022],"improvedSpline":true,"material":"road_patches1","nodes":[[-952.4776,-913.61145,935.210022,3],[-959.6521,-904.376282,935.210022,3],[-963.956787,-898.835205,935.210022,3]],"overObjects":true,"renderPriority":15,"startEndFade":[12.1622839,12.1622839],"textureLength":26}
{"class":"DecalRoad","persistentId":"c5db6e76-2e67-47f1-a0e9-3a64b8767273","__parent":"Road Architect - Road 85","position":[-940.998413,-928.387695,935.210022],"improvedSpline":true,"material":"road_patches1","nodes":[[-940.998413,-928.387695,935.210022,3],[-945.303101,-922.846619,935.210022,3],[-952.4776,-913.61145,935.210022,3]],"overObjects":true,"renderPriority":16,"startEndFade":[12.1622839,12.1622839],"textureLength":26}
{"class":"DecalRoad","persistentId":"2a5ad319-c0e5-48cc-8555-97a2d9a8a6ef","__parent":"Road Architect - Road 85","position":[-940.998413,-928.387695,935.210022],"improvedSpline":true,"material":"road_patches1","nodes":[[-940.998413,-928.387695,935.210022,3],[-945.303101,-922.846619,935.210022,3],[-952.4776,-913.61145,935.210022,3]],"overObjects":true,"renderPriority":17,"startEndFade":[12.1622839,12.1622839],"textureLength":26}
{"class":"DecalRoad","persistentId":"b5913e5c-5565-4a10-9287-95cf438459b5","__parent":"Road Architect - Road 85","position":[-954.846741,-915.451904,935.210022],"improvedSpline":true,"material":"road_patches1","nodes":[[-954.846741,-915.451904,935.210022,3],[-962.021179,-906.216736,935.210022,3],[-966.325867,-900.675659,935.210022,3]],"overObjects":true,"renderPriority":18,"startEndFade":[12.1622839,12.1622839],"textureLength":26}
{"class":"DecalRoad","persistentId":"6c8c2490-213a-4eae-9ea9-4aed9d9eb443","__parent":"Road Architect - Road 85","position":[-954.846741,-915.451904,935.210022],"improvedSpline":true,"material":"road_patches1","nodes":[[-954.846741,-915.451904,935.210022,3],[-962.021179,-906.216736,935.210022,3],[-966.325867,-900.675659,935.210022,3]],"overObjects":true,"renderPriority":19,"startEndFade":[12.1622839,12.1622839],"textureLength":26}
{"class":"DecalRoad","persistentId":"ea69d5b1-1118-47bc-a286-5797fafc3b00","__parent":"Road Architect - Road 85","position":[-942.182983,-929.307922,935.210022],"improvedSpline":true,"material":"repair1","nodes":[[-942.182983,-929.307922,935.210022,4],[-946.487671,-923.766846,935.210022,4],[-953.66217,-914.531677,935.210022,4]],"overObjects":true,"renderPriority":20,"startEndFade":[7.48448277,7.48448277],"textureLength":32}
{"class":"DecalRoad","persistentId":"610378ea-0038-4865-8a70-035e4c63721f","__parent":"Road Architect - Road 85","position":[-943.954834,-930.684387,935.210022],"improvedSpline":true,"material":"repair2","nodes":[[-943.954834,-930.684387,935.210022,4],[-948.259521,-925.143311,935.210022,4],[-955.434021,-915.908142,935.210022,4]],"overObjects":true,"renderPriority":21,"startEndFade":[7.48448277,7.48448277],"textureLength":32}
{"class":"DecalRoad","persistentId":"101c2959-c96d-44d1-b2d1-ffc5bc588abd","__parent":"Road Architect - Road 85","position":[-943.469788,-930.307617,935.210022],"improvedSpline":true,"material":"repair1","nodes":[[-943.469788,-930.307617,935.210022,4],[-947.774475,-924.766541,935.210022,4],[-954.948975,-915.531372,935.210022,4]],"overObjects":true,"renderPriority":22,"startEndFade":[7.48448277,7.48448277],"textureLength":32}
{"class":"DecalRoad","persistentId":"70d743e1-3e2e-496a-93ad-084c4ace18ed","__parent":"Road Architect - Road 85","position":[-954.022949,-914.811951,935.210022],"improvedSpline":true,"material":"repair2","nodes":[[-954.022949,-914.811951,935.210022,4],[-961.197449,-905.576782,935.210022,4],[-965.502136,-900.035706,935.210022,4]],"overObjects":true,"renderPriority":23,"startEndFade":[7.48448277,7.48448277],"textureLength":32}
{"class":"DecalRoad","persistentId":"fa6e0719-ef71-407d-a81c-0fb073be2fb1","__parent":"Road Architect - Road 85","position":[-942.541016,-929.58606,935.210022],"improvedSpline":true,"material":"repair1","nodes":[[-942.541016,-929.58606,935.210022,4],[-946.845703,-924.044983,935.210022,4],[-954.020203,-914.809814,935.210022,4]],"overObjects":true,"renderPriority":24,"startEndFade":[7.48448277,7.48448277],"textureLength":32}
